-5.79935 0.0149625 -0.130469
-0.301592 -0.0609702 -0.616551
0.0896382 -0.0285237 0.198206
-0.0294056 0.0280404 -0.15379
-0.0737885 -0.127324 -0.147653
0.114987 0.00471205 0.0997409
0.197316 0.0373693 0.222642
-0.397722 0.00526517 0.791489
-0.0202437 -0.0242864 0.790957
-0.31441 0.0201891 0.824361
-0.177942 0.0518784 0.72635
0.19902 0.0385735 0.398215
0.190189 3.77713e-009 0.38167
0.188594 -0.0292779 0.467557
0.251597 -0.0544754 0.460756
0.257905 0.0249881 0.496987
0.252712 -0.00356777 0.504357
-0.133746 0.0195138 0.783012
-0.0619309 0.0118356 0.76607
-0.0108482 0.0033086 0.768899
0.00911256 0.0150807 0.71716
0.0560157 -0.00139809 0.77894
0.11076 0.0346812 0.697827
0.258004 -0.0368519 0.52584
0.183666 -0.0380586 0.493075
0.26768 -0.00148208 0.500124
0.227749 0.0145418 0.526049
0.298255 -0.0350024 0.309956
0.270154 -0.00655317 0.419425
0.393026 -0.0134919 0.0406129
0.401285 -0.0156785 0.160403
0.379668 -0.00678188 0.193317
0.420044 -0.0285628 0.0591843
0.312726 -0.0418182 0.414034
0.301084 -0.013203 0.447795
1.24018 0.123236 -0.910278
0.326685 -0.00219059 0.366959
0.344123 -0.0157878 0.247509
0.427203 0.000360481 0.219526
0.645186 -0.0028213 -0.104964
0.533745 -0.0402498 0.049209
0.28012 -0.0805945 0.278461
0.621006 -0.075536 0.249352
0.340916 -0.00672785 0.276446
0.404647 -0.0341714 0.172194
0.781279 0.0736955 0.188114
0.670294 0.0329479 0.195054
0.544156 0.0277514 0.229496
