
-0.174229 -0.391754 0.0252933 
-0.890494 -0.205868 0.345381
-0.410476 -0.278337 0.45615 
-0.411092 -0.277692 0.45444 
-0.341895 -0.308712 0.326365 
-0.261526 -0.352839 0.179647 
-0.83231 -0.210119 0.369904 
-0.785054 -0.216294 0.386505 
-0.186419 -0.348718 0.221385 
-0.745724 -0.223433 0.437565 
-0.561642 -0.209724 0.728849 
-0.614262 -0.18452 0.817432 
-0.884989 -0.14963 1.23945 
-0.705776 -0.146036 1.01055 
-0.420337 -0.0426162 1.09712 
-0.291743 -0.180364 0.935174 
-0.469301 -0.140527 1.14423 
-0.293487 -0.232391 1.14147 
-0.580606 -0.196246 1.31658 
-1.02139 -0.0652826 1.43018 
-0.400994 -0.191556 1.19933 
-0.177772 -0.257226 0.826555 
-0.996041 -0.0244624 1.51957 
-0.430049 -0.114155 1.11155 
-0.777767 -0.118277 1.34912 
-1.07877 -0.0509428 1.56116 
-0.839681 -3.29873e-009 1.44392 
-0.888891 -0.0722264 1.42765 
-0.794542 -0.132947 1.25306 
-0.672256 -0.0868917 1.32218 
-0.604379 -1.72365e-008 1.25132 
-0.996358 0.101417 1.45757 
-1.14044 0.0958244 1.69978 
-0.932678 -0.212222 1.54499 
-1.07581 -0.0360502 1.59303 
-0.584738 -0.0885593 1.39209 
-1.03204 -0.0730201 1.59476 
-0.487472 -0.054428 0.960554 
-1.20715 -0.00059833 1.71361 
-0.729491 -0.148625 1.40548 
-0.935063 0.0201688 1.52425 
-0.789217 0.0667856 1.41257 
-1.06066 -0.0392888 1.52228 
-0.885992 -0.0214702 1.36199 
-0.904969 -0.0326137 1.4843 
-0.822904 0.0838571 1.4258 
-1.17153 0.0540587 1.68452 
-1.04964 0.0441547 1.6275 
-0.985007 -0.0470995 1.56721 
-1.1956 0.0384064 1.78508 
-1.17592 -0.00186254 1.69761 
-0.781535 -0.159725 1.35303 
-0.92413 -0.0199117 1.55798 
-0.853018 -0.016768 1.5453 
-0.926612 0.0116504 1.4824 
-0.861593 0.00365733 1.52345 
-0.717849 0.0562618 1.46429 
-0.830157 -0.209809 1.48372 
-0.981515 0.0480839 1.46938
-0.802898 0.0320426 1.35468 
-0.981694 -0.140124 1.53727 
-1.31001 0.0434454 1.70328 
-0.0993052 -0.0853358 0.549243 
-0.512454 -0.000730227 1.30541 
-1.00775 0.0278923 1.30578
-1.06305 0.0110114 1.14559 
-1.03984 -0.013128 1.31399 
-1.01368 0.0332179 1.48514 
-0.984856 0.00143699 0.891825 
-1.21375 0.0378865 1.18815 255 0 255
-1.14415 0.159094 1.0132 0 255 0
-1.15908 0.217069 1.08735 255 0 255
-1.04381 -0.0152514 1.33467 0 255 0
-1.1648 0.204054 1.4764 255 0 255
-1.17726 0.260112 1.46343 0 255 0
-0.959444 0.067973 1.23536 255 0 255
-1.18773 0.316265 1.33934 255 0 255
-1.17533 0.340327 1.52236 0 255 0
-1.10942 0.248943 1.62642 255 0 255
-0.992969 0.129658 1.73596 255 0 255
-0.864863 0.047432 1.78226 255 0 255
-0.975012 0.036432 1.67674 0 255 0
-1.08363 0.228222 1.66731 0 255 0
-0.986279 0.147836 1.61426 0 255 0
-1.1097 0.205037 1.72583 255 0 255
-0.310294 -0.00803847 1.0833 255 0 255
-0.885223 0.0390731 1.60864 255 0 255
-1.01533 0.0666182 1.45312 255 0 255
-1.07852 0.127375 1.59418 255 0 255
-1.05531 0.102028 1.47386 0 255 0
-0.817311 0.114172 1.34745 255 0 255
-0.87847 0.00451036 1.35743 0 255 0
-0.645425 0.0265671 1.34038 0 255 0
-0.590966 0.250974 1.18136 255 0 255
-0.594467 0.17189 1.40633 255 0 255
-0.501921 0.159408 1.40175 0 255 0
-0.704829 -0.0744451 1.40984 0 255 0
-0.809459 0.14127 1.31002 0 255 0
-0.559029 -0.0143483 1.38215 0 255 0
-0.712339 0.00880508 1.25029 0 255 0
-0.735839 0.0852962 1.23962 255 0 255
-0.549098 0.137674 1.34582 0 255 0
-0.647085 0.203412 1.2579 0 255 0
-0.419407 0.0631866 1.34101 255 0 255
-0.533971 0.0231519 1.25548 0 255 0
-0.50007 0.0916935 1.38191 255 0 255
-0.611438 0.151147 1.26383 255 0 255
-0.529688 -0.0151116 1.24364 0 255 0
-1.28521 0.157237 1.58888 0 255 0
-1.32542 0.21132 1.55021 0 255 0
-1.25537 0.185171 1.58702 0 255 0
-1.07795 0.170953 1.71047 255 0 255
-1.25946 0.0680114 1.58729 255 0 255
-1.23856 0.143276 1.52645 0 255 0
-1.20457 0.185766 1.49084 255 0 255
-1.26394 0.244397 1.43093 255 0 255
-1.71935 0.200591 1.44363 255 0 255
-1.52622 0.204867 1.45669 255 0 255
-1.80705 0.192158 1.35288 255 0 255
-1.49735 0.160817 1.44587 255 0 255
-1.44506 0.0428345 1.57786 0 255 0
-1.45585 0.0135391 1.55583 255 0 255
-1.98247 0.00845621 1.29509 0 255 0
-1.94674 -0.00820058 1.35747 255 0 255
-1.25201 -0.0195765 1.64345 255 0 255
-1.17225 0.0657727 1.54484 255 0 255
-1.36 0.0514837 1.54645 0 255 0
-1.49075 0.0353652 1.56152 0 255 0
-1.5897 0.0178174 1.5659 255 0 255
-1.23507 0.0610302 1.55017 255 0 255
-1.50386 0.0299122 1.54596 0 255 0
-1.52443 0.0295421 1.55517 255 0 255
-1.62024 -6.32826e-009 1.56408 0 255 0
-1.2044 0.0310528 1.53075 0 255 0
-1.32464 0.0419903 1.53259 0 255 0
-1.25367 0.0703944 1.52005 255 0 255
-1.52592 0.0321848 1.59985 255 0 255
-1.4388 0.0310984 1.62612 0 255 0
-1.35743 0.0689817 1.5357 255 0 255
-3.76188 -0.380898 2.57784 255 0 255
-1.01422 0.0517227 1.34955 255 0 255
-1.82687 -0.117412 1.38759 255 0 255
-0.983217 0.0559225 1.34294 0 255 0
-1.28775 -0.0495415 1.34268 255 0 255
-1.03652 0.0453324 1.36893 0 255 0
-1.06738 0.0486982 1.31366 255 0 255
-1.28708 0.0210335 1.40839 255 0 255
-1.13736 0.0391889 1.3447 0 255 0
-1.14826 0.0185758 1.36158 255 0 255
-1.26785 -0.141617 1.42001 255 0 255
-1.18251 0.0848213 1.40169 0 255 0
-1.86517 0.155145 1.88231 255 0 255
-1.10112 0.197316 1.29191 0 255 0
-1.12547 0.15249 1.23883 0 255 0
-1.23046 0.185251 1.32275 255 0 255
-1.12169 0.177226 1.24911 0 255 0
-1.17354 0.185995 1.29121 0 255 0
-1.54763 0.00775067 1.54927 255 0 255
-5.15985 -0.62051 2.79314 255 0 255
-1.21919 0.189806 1.32741 0 255 0
-1.06518 0.189477 1.22726 255 0 255
