57.71386186 11.94886661
57.71386186 11.94886661
57.71386186 11.94886661
57.71386186 11.94886661
57.71386186 11.94886661
57.71386186 11.94886662
57.71386186 11.94886662
57.71386186 11.94886661
57.71386186 11.94886661
57.71386186 11.94886662
57.71386186 11.94886662
57.71386186 11.94886662
57.71386186 11.94886662
57.71386186 11.94886662
57.71386186 11.94886662
57.71386186 11.94886662
57.71386186 11.94886662
57.71386186 11.94886662
57.71386185 11.94886662
57.71386185 11.94886662
57.71386185 11.94886662
57.71386185 11.94886662
57.71386185 11.94886662
57.71386185 11.94886662
57.71386185 11.94886662
57.7138619 11.94886684
57.7138619 11.94886684
57.7138619 11.94886684
57.7138619 11.94886684
57.7138619 11.94886684
57.7138619 11.94886684
57.71386189 11.94886685
57.71386189 11.94886684
57.71386189 11.94886684
57.71386189 11.94886685
57.71386189 11.94886685
57.71386189 11.94886685
57.71386189 11.94886685
57.71386189 11.94886685
57.71386189 11.94886685
57.71386189 11.94886685
57.71386189 11.94886685
57.71386189 11.94886685
57.71386189 11.94886685
57.71386189 11.94886685
57.71386189 11.94886685
57.71386189 11.94886685
57.71386188 11.94886685
57.71386192 11.94886706
57.71386192 11.94886706
57.71386192 11.94886706
57.71386192 11.94886706
57.71386192 11.94886707
57.71386192 11.94886707
57.71386192 11.94886706
57.71386192 11.94886706
57.71386192 11.94886706
57.71386192 11.94886707
57.71386192 11.94886707
57.71386192 11.94886707
57.71386192 11.94886707
57.71386192 11.94886707
57.71386192 11.94886707
57.71386192 11.94886707
57.71386191 11.94886706
57.71386191 11.94886706
57.71386191 11.94886707
57.71386191 11.94886707
57.71386191 11.94886707
57.71386191 11.94886707
57.71386191 11.94886707
57.71386191 11.94886707
57.71386191 11.94886707
57.71386194 11.94886728
57.71386194 11.94886728
57.71386194 11.94886728
57.71386194 11.94886728
57.71386194 11.94886728
57.71386194 11.94886728
57.71386194 11.94886728
57.71386194 11.94886728
57.71386194 11.94886728
57.71386194 11.94886728
57.71386194 11.94886728
57.71386193 11.94886728
57.71386193 11.94886728
57.71386193 11.94886728
57.71386193 11.94886728
57.71386193 11.94886728
57.71386193 11.94886728
57.71386193 11.94886728
57.71386193 11.94886728
57.71386193 11.94886728
57.71386193 11.94886728
57.71386193 11.94886728
57.71386193 11.94886728
57.71386193 11.94886728
57.71386193 11.94886728
57.71386196 11.94886749
57.71386195 11.94886749
57.71386195 11.94886749
57.71386196 11.94886749
57.71386195 11.94886749
57.71386195 11.94886749
57.71386195 11.94886749
57.71386195 11.94886749
57.71386195 11.94886749
57.71386195 11.94886749
57.71386195 11.94886749
57.71386195 11.94886749
57.71386195 11.94886749
57.71386195 11.94886749
57.71386195 11.94886749
57.71386195 11.94886749
57.71386195 11.94886749
57.71386195 11.94886749
57.71386194 11.94886749
57.71386194 11.94886749
57.71386194 11.94886749
57.71386194 11.94886749
57.71386194 11.94886749
57.71386194 11.94886749
57.71386194 11.94886749
57.71386197 11.9488677
57.71386197 11.94886769
57.71386197 11.94886771
57.71386197 11.94886771
57.71386197 11.94886771
57.71386197 11.94886771
57.71386197 11.94886771
57.71386197 11.94886771
57.71386197 11.9488677
57.71386196 11.94886771
57.71386196 11.9488677
57.71386196 11.9488677
57.71386196 11.94886771
57.71386196 11.9488677
57.71386196 11.94886771
57.71386196 11.9488677
57.71386196 11.94886771
57.71386196 11.94886771
57.71386196 11.94886771
57.71386196 11.94886771
57.71386196 11.94886771
57.71386196 11.9488677
57.71386196 11.94886771
57.71386196 11.9488677
57.71386197 11.94886792
57.71386197 11.94886792
57.71386197 11.94886792
57.71386197 11.94886792
57.71386197 11.94886792
57.71386197 11.94886793
57.71386197 11.94886793
57.71386197 11.94886792
57.71386197 11.94886793
57.71386197 11.94886792
57.71386197 11.94886793
57.71386197 11.94886792
57.71386197 11.94886792
57.71386197 11.94886792
57.71386197 11.94886792
57.71386197 11.94886793
57.71386197 11.94886792
57.71386196 11.94886792
57.71386196 11.94886792
57.71386196 11.94886792
57.71386196 11.94886792
57.71386196 11.94886792
57.71386196 11.94886792
57.71386196 11.94886792
57.71386197 11.94886815
57.71386197 11.94886814
57.71386197 11.94886814
57.71386197 11.94886814
57.71386197 11.94886815
57.71386197 11.94886815
57.71386197 11.94886815
57.71386197 11.94886815
57.71386197 11.94886815
57.71386197 11.94886814
57.71386197 11.94886814
57.71386196 11.94886815
57.71386196 11.94886814
57.71386197 11.94886815
57.71386196 11.94886815
57.71386196 11.94886814
57.71386196 11.94886814
57.71386196 11.94886814
57.71386196 11.94886814
57.71386196 11.94886814
57.71386196 11.94886814
57.71386196 11.94886814
57.71386196 11.94886814
57.71386196 11.94886814
57.71386196 11.94886814
57.71386196 11.94886837
57.71386196 11.94886837
57.71386196 11.94886837
57.71386196 11.94886837
57.71386196 11.94886837
57.71386196 11.94886838
57.71386196 11.94886837
57.71386195 11.94886837
57.71386195 11.94886838
57.71386195 11.94886838
57.71386195 11.94886838
57.71386195 11.94886838
57.71386195 11.94886837
57.71386195 11.94886838
57.71386195 11.94886837
57.71386195 11.94886838
57.71386195 11.94886838
57.71386195 11.94886837
57.71386195 11.94886838
57.71386195 11.94886838
57.71386195 11.94886837
57.71386195 11.94886837
57.71386195 11.94886837
57.71386195 11.94886838
57.71386195 11.94886838
57.71386194 11.9488686
57.71386194 11.9488686
57.71386194 11.94886861
57.71386194 11.9488686
57.71386194 11.9488686
57.71386194 11.9488686
57.71386194 11.9488686
57.71386194 11.94886861
57.71386194 11.94886861
57.71386194 11.94886861
57.71386194 11.94886861
57.71386193 11.94886861
57.71386193 11.94886861
57.71386193 11.9488686
57.71386193 11.94886861
57.71386193 11.94886861
57.71386193 11.94886861
57.71386193 11.9488686
57.71386193 11.94886861
57.71386193 11.9488686
57.71386193 11.9488686
57.71386193 11.9488686
57.71386193 11.9488686
57.71386193 11.9488686
57.71386192 11.9488686
57.71386191 11.94886882
57.71386191 11.94886882
57.71386191 11.94886882
57.71386191 11.94886882
57.71386191 11.94886883
57.71386191 11.94886883
57.71386191 11.94886882
57.71386191 11.94886883
57.71386191 11.94886883
57.71386191 11.94886883
57.71386191 11.94886883
57.71386191 11.94886883
57.71386191 11.94886883
57.7138619 11.94886883
57.7138619 11.94886883
57.7138619 11.94886883
57.7138619 11.94886883
57.7138619 11.94886883
57.7138619 11.94886883
57.7138619 11.94886883
57.7138619 11.94886883
57.7138619 11.94886883
57.7138619 11.94886883
57.71386188 11.94886904
57.71386188 11.94886904
57.71386188 11.94886904
57.71386188 11.94886904
57.71386188 11.94886905
57.71386188 11.94886905
57.71386188 11.94886905
57.71386188 11.94886905
57.71386187 11.94886905
57.71386188 11.94886905
57.71386187 11.94886905
57.71386187 11.94886905
57.71386187 11.94886905
57.71386187 11.94886905
57.71386187 11.94886905
57.71386187 11.94886905
57.71386187 11.94886905
57.71386187 11.94886905
57.71386187 11.94886906
57.71386187 11.94886906
57.71386187 11.94886906
57.71386187 11.94886906
57.71386187 11.94886906
57.71386187 11.94886906
57.71386187 11.94886906
57.71386184 11.94886926
57.71386184 11.94886926
57.71386184 11.94886926
57.71386184 11.94886926
57.71386184 11.94886926
57.71386184 11.94886927
57.71386184 11.94886927
57.71386184 11.94886927
57.71386184 11.94886927
57.71386184 11.94886927
57.71386183 11.94886927
57.71386183 11.94886927
57.71386183 11.94886926
57.71386183 11.94886926
57.71386183 11.94886926
57.71386183 11.94886926
57.71386183 11.94886926
57.71386183 11.94886926
57.71386183 11.94886926
57.71386183 11.94886926
57.71386183 11.94886926
57.71386183 11.94886926
57.71386183 11.94886926
57.71386183 11.94886926
57.71386183 11.94886926
57.7138618 11.94886945
57.7138618 11.94886945
57.7138618 11.94886946
57.7138618 11.94886946
57.71386179 11.94886946
57.71386179 11.94886946
57.71386179 11.94886946
57.71386179 11.94886946
57.71386179 11.94886946
57.71386179 11.94886946
57.71386179 11.94886946
57.71386179 11.94886946
57.71386179 11.94886946
57.71386179 11.94886946
57.71386179 11.94886946
57.71386179 11.94886946
57.71386179 11.94886946
57.71386179 11.94886946
57.71386179 11.94886946
57.71386179 11.94886946
57.71386178 11.94886946
57.71386178 11.94886946
57.71386178 11.94886946
57.71386178 11.94886946
57.71386175 11.94886963
57.71386175 11.94886963
57.71386175 11.94886964
57.71386175 11.94886964
57.71386175 11.94886964
57.71386175 11.94886964
57.71386175 11.94886964
57.71386175 11.94886963
57.71386174 11.94886964
57.71386174 11.94886963
57.71386174 11.94886963
57.71386174 11.94886963
57.71386174 11.94886963
57.71386174 11.94886964
57.71386174 11.94886964
57.71386174 11.94886964
57.71386174 11.94886964
57.71386174 11.94886963
57.71386174 11.94886963
57.71386174 11.94886963
57.71386174 11.94886963
57.71386174 11.94886963
57.71386174 11.94886963
57.71386174 11.94886963
57.71386171 11.9488698
57.71386171 11.9488698
57.71386171 11.9488698
57.71386171 11.9488698
57.71386171 11.9488698
57.71386171 11.9488698
57.71386171 11.9488698
57.71386171 11.9488698
57.7138617 11.9488698
57.7138617 11.9488698
57.7138617 11.9488698
57.7138617 11.9488698
57.7138617 11.9488698
57.7138617 11.94886981
57.7138617 11.9488698
57.7138617 11.9488698
57.7138617 11.94886981
57.7138617 11.94886981
57.7138617 11.94886981
57.7138617 11.9488698
57.7138617 11.9488698
57.7138617 11.9488698
57.7138617 11.9488698
57.71386168 11.94886993
57.71386168 11.94886993
57.71386167 11.94886993
57.71386167 11.94886993
57.71386167 11.94886994
57.71386167 11.94886994
57.71386167 11.94886994
57.71386167 11.94886994
57.71386167 11.94886994
57.71386167 11.94886994
57.71386167 11.94886994
57.71386167 11.94886994
57.71386167 11.94886994
57.71386167 11.94886995
57.71386167 11.94886995
57.71386167 11.94886995
57.71386167 11.94886996
57.71386167 11.94886996
57.71386167 11.94886996
57.71386167 11.94886996
57.71386167 11.94886996
57.71386167 11.94886996
57.71386167 11.94886996
57.71386167 11.94886996
57.71386167 11.94886996
57.71386166 11.94887008
57.71386165 11.94887008
57.71386165 11.94887008
57.71386165 11.94887008
57.71386165 11.94887008
57.71386165 11.94887008
57.71386165 11.94887008
57.71386165 11.94887008
57.71386165 11.94887008
57.71386165 11.94887008
57.71386165 11.94887008
57.71386165 11.94887008
57.71386165 11.94887008
57.71386165 11.94887008
57.71386165 11.94887008
57.71386165 11.94887008
57.71386165 11.94887008
57.71386165 11.94887008
57.71386164 11.94887009
57.71386165 11.94887007
57.71386164 11.94887009
57.71386166 11.94887006
57.71386166 11.94887006
57.71386164 11.94887009
57.71386165 11.94887006
57.71386163 11.94887019
57.71386164 11.94887017
57.71386164 11.94887018
57.71386165 11.94887016
57.71386163 11.94887018
57.71386163 11.94887018
57.71386164 11.94887016
57.71386164 11.94887016
57.71386164 11.94887015
57.71386163 11.94887016
57.71386164 11.94887015
57.71386164 11.94887015
57.71386164 11.94887014
57.71386164 11.94887015
57.71386163 11.94887016
57.71386164 11.94887015
57.71386164 11.94887014
57.71386164 11.94887014
57.71386163 11.94887014
57.71386163 11.94887014
57.71386163 11.94887014
57.71386163 11.94887013
57.71386163 11.94887014
57.71386163 11.94887013
57.71386163 11.94887022
57.71386163 11.94887022
57.71386164 11.9488702
57.71386163 11.94887022
57.71386164 11.9488702
57.71386163 11.94887022
57.71386164 11.94887019
57.71386164 11.94887019
57.71386163 11.94887021
57.71386164 11.94887019
57.71386162 11.94887021
57.71386163 11.94887019
57.71386163 11.94887019
57.71386163 11.9488702
57.71386164 11.94887017
57.71386161 11.9488702
57.71386163 11.94887017
57.71386162 11.94887018
57.71386164 11.94887015
57.7138616 11.94887019
57.7138616 11.94887019
57.71386163 11.94887015
57.71386166 11.9488701
57.71386161 11.94887017
57.71386165 11.94887011
57.71386166 11.94887017
57.71386166 11.94887017
57.71386171 11.94887009
57.71386164 11.9488702
57.7138617 11.9488701
57.71386177 11.94887
57.71386191 11.94886979
57.71386191 11.94886979
57.71386199 11.9488697
57.71386207 11.94886957
57.71386217 11.94886943
57.71386236 11.94886915
57.71386247 11.94886901
57.71386259 11.94886884
57.71386272 11.94886866
57.71386272 11.94886866
57.71386284 11.94886848
57.71386312 11.9488681
57.71386326 11.94886788
57.71386343 11.94886765
57.71386358 11.94886742
57.71386358 11.94886742
57.71386374 11.94886718
57.71386408 11.94886669
57.71386433 11.94886643
57.71386451 11.94886616
57.71386469 11.94886588
57.71386488 11.94886563
57.71386528 11.94886504
57.71386547 11.94886474
57.71386547 11.94886474
57.71386567 11.94886444
57.71386589 11.94886415
57.7138661 11.94886382
57.71386654 11.94886313
57.71386677 11.94886278
57.71386701 11.94886247
57.71386724 11.94886211
57.71386724 11.94886211
57.71386749 11.94886172
57.71386796 11.94886099
57.7138682 11.94886061
57.71386844 11.94886022
57.71386873 11.94885983
57.71386873 11.94885983
57.71386924 11.94885901
57.71386951 11.9488586
57.71386978 11.94885816
57.71387015 11.94885772
57.71387042 11.94885725
57.71387042 11.94885725
57.71387101 11.94885636
57.7138713 11.94885588
57.71387162 11.94885539
57.71387192 11.94885489
57.71387222 11.94885439
57.71387222 11.94885439
57.71387285 11.94885341
57.71387319 11.94885282
57.7138735 11.9488523
57.71387381 11.94885177
57.71387413 11.94885124
57.71387444 11.94885071
57.71387509 11.94884958
57.71387509 11.94884958
57.71387541 11.94884904
57.71387573 11.94884853
57.71387605 11.94884798
57.71387638 11.94884737
57.71387638 11.94884737
57.71387703 11.94884626
57.71387736 11.9488457
57.71387769 11.94884513
57.71387809 11.94884441
57.71387842 11.94884383
57.71387909 11.94884266
57.71387942 11.94884208
57.71387942 11.94884208
57.71387978 11.94884139
57.71388012 11.94884079
57.7138808 11.94883959
57.71388114 11.94883899
57.71388152 11.94883822
57.71388152 11.94883822
57.71388187 11.94883761
57.71388223 11.94883699
57.71388293 11.94883574
57.71388333 11.94883498
57.71388369 11.94883435
57.71388369 11.94883435
57.71388406 11.94883372
57.7138848 11.94883244
57.71388521 11.94883166
57.71388559 11.94883102
57.71388597 11.94883038
57.71388635 11.94882974
57.71388673 11.94882909
57.71388712 11.94882813
57.71388712 11.94882813
57.71388789 11.94882686
57.71388823 11.94882618
57.71388862 11.94882554
57.71388903 11.94882473
57.71388903 11.94882473
57.71388983 11.94882346
57.71389023 11.94882282
57.71389063 11.94882218
57.71389107 11.94882135
57.71389147 11.94882071
57.71389147 11.94882071
57.71389229 11.94881944
57.71389271 11.94881881
57.71389313 11.948818
57.71389355 11.94881737
57.71389439 11.94881612
57.71389482 11.94881551
57.71389529 11.94881467
57.71389529 11.94881467
57.71389572 11.94881405
57.71389616 11.94881344
57.71389659 11.94881282
57.71389704 11.94881221
57.71389792 11.94881043
57.71389792 11.94881043
57.71389837 11.94880983
57.71389882 11.94880923
57.71389927 11.94880864
57.71390027 11.94880718
57.71390074 11.9488066
57.71390074 11.9488066
57.71390122 11.94880602
57.71390169 11.94880544
57.71390228 11.94880452
57.71390325 11.9488034
57.71390368 11.94880252
57.71390417 11.94880197
57.71390417 11.94880197
57.71390467 11.94880088
57.71390566 11.94879981
57.71390611 11.94879901
57.71390661 11.9487985
57.71390719 11.9487973
57.71390719 11.9487973
57.71390769 11.94879681
57.71390869 11.94879552
57.7139092 11.94879505
57.71390985 11.94879378
57.71391037 11.94879334
57.71391089 11.94879289
57.71391194 11.94879178
57.71391194 11.94879178
57.71391256 11.94879082
57.7139131 11.94879041
57.71391363 11.94879001
57.71391417 11.94878936
57.71391471 11.94878898
57.71391597 11.94878795
57.71391597 11.94878795
57.71391653 11.9487876
57.7139171 11.94878727
57.71391768 11.94878695
57.71391844 11.94878626
57.71391844 11.94878626
57.71391961 11.94878567
57.7139203 11.94878497
57.71392089 11.94878471
57.71392178 11.94878371
57.71392298 11.94878325
57.71392368 11.94878265
57.71392368 11.94878265
57.71392429 11.94878245
57.71392523 11.94878132
57.71392584 11.94878114
57.71392709 11.94878082
57.71392771 11.94878068
57.71392855 11.94878002
57.71392855 11.94878002
57.71392918 11.94877992
57.7139298 11.94877982
57.71393118 11.94877933
57.71393198 11.94877897
57.71393262 11.94877893
57.71393262 11.94877893
57.71393326 11.94877889
57.71393466 11.94877859
57.71393557 11.94877812
57.71393622 11.94877815
57.71393686 11.94877819
57.71393686 11.94877819
57.71393762 11.94877798
57.71393828 11.94877805
57.71393981 11.94877781
57.71394046 11.94877793
57.71394118 11.94877792
57.71394183 11.94877807
57.71394269 11.94877762
57.71394399 11.94877799
57.71394399 11.94877799
57.7139447 11.94877808
57.71394535 11.9487783
57.71394612 11.94877826
57.71394677 11.94877851
57.71394808 11.94877901
57.71394808 11.94877901
57.71394873 11.9487793
57.71394946 11.94877945
57.71395011 11.94877976
57.71395141 11.9487804
57.71395207 11.94878074
57.71395289 11.94878089
57.71395289 11.94878089
57.71395354 11.94878125
57.7139542 11.94878161
57.71395528 11.94878257
57.71395588 11.94878294
57.71395588 11.94878294
57.71395654 11.94878334
57.71395719 11.94878375
57.71395785 11.94878415
57.7139585 11.94878456
57.71395971 11.94878522
57.71396036 11.94878564
57.71396036 11.94878564
57.71396069 11.94878639
57.71396134 11.94878681
57.71396181 11.94878742
57.71396311 11.94878828
57.71396376 11.94878871
57.71396441 11.94878915
57.71396441 11.94878915
57.71396485 11.94878984
57.71396615 11.94879068
57.71396649 11.94879142
57.71396713 11.94879184
57.71396783 11.94879218
57.71396783 11.94879218
57.71396848 11.9487926
57.71396948 11.94879375
57.71397011 11.94879415
57.71397056 11.9487948
57.71397119 11.94879518
57.71397119 11.94879518
57.71397182 11.94879557
57.71397287 11.94879659
57.71397361 11.94879657
57.71397424 11.94879695
57.71397486 11.94879732
57.71397533 11.94879791
57.71397533 11.94879791
57.71397596 11.94879829
57.71397718 11.94879912
57.7139778 11.94879948
57.71397842 11.94879985
57.71397904 11.94880021
57.71397975 11.94880051
57.71397975 11.94880051
57.71398099 11.94880123
57.71398162 11.94880157
57.71398225 11.94880191
57.71398282 11.94880246
57.71398282 11.94880246
57.71398409 11.94880312
57.71398473 11.94880343
57.71398537 11.94880375
57.71398607 11.94880398
57.71398671 11.94880428
57.713988 11.94880486
57.713988 11.94880486
57.71398865 11.94880513
57.71398936 11.94880519
57.71399001 11.94880546
57.71399066 11.94880573
57.71399193 11.9488065
57.71399263 11.9488067
57.71399263 11.9488067
57.71399328 11.94880696
57.71399394 11.94880721
57.71399459 11.94880746
57.71399594 11.94880807
57.71399661 11.94880831
57.71399661 11.94880831
57.71399727 11.94880853
57.71399793 11.94880893
57.71399859 11.94880916
57.71399995 11.94880952
57.71400061 11.94880973
57.71400061 11.94880973
57.71400129 11.94881011
57.71400196 11.94881031
57.71400271 11.9488106
57.71400404 11.94881098
57.71400472 11.94881126
57.71400538 11.94881145
57.71400619 11.94881118
57.71400619 11.94881118
57.71400684 11.94881135
57.7140082 11.94881182
57.71400885 11.94881197
57.71400955 11.94881209
57.7140102 11.94881222
57.7140102 11.94881222
57.71401154 11.9488126
57.71401218 11.94881272
57.71401293 11.94881282
57.71401357 11.94881293
57.71401421 11.94881304
57.71401421 11.94881304
57.71401551 11.94881331
57.71401616 11.94881331
57.7140168 11.94881339
57.71401745 11.94881347
57.7140181 11.94881363
57.71401875 11.94881369
57.71401875 11.94881369
57.7140201 11.94881381
57.71402075 11.94881385
57.7140214 11.94881397
57.71402204 11.94881401
57.71402283 11.94881347
57.71402411 11.9488135
57.71402411 11.9488135
57.71402476 11.94881361
57.7140254 11.94881361
57.71402603 11.94881352
57.71402667 11.94881351
57.71402798 11.94881353
57.71402798 11.94881353
57.71402863 11.94881349
57.71402936 11.94881344
57.71403 11.94881339
57.71403128 11.94881328
57.71403192 11.94881321
57.71403261 11.94881306
57.71403325 11.94881298
57.71403325 11.94881298
57.71403463 11.94881292
57.71403528 11.94881281
57.71403601 11.94881269
57.71403665 11.94881256
57.71403729 11.94881243
57.71403804 11.94881241
57.71403804 11.94881241
57.71403867 11.94881226
57.71404005 11.94881135
57.71404067 11.94881118
57.71404137 11.94881112
57.714042 11.94881093
57.7140427 11.94881083
57.7140427 11.94881083
57.71404395 11.9488104
57.71404465 11.94881028
57.71404527 11.94881005
57.71404595 11.94880987
57.71404717 11.94880936
57.71404717 11.94880936
57.71404779 11.94880909
57.71404841 11.94880881
57.71404899 11.94880844
57.71404961 11.94880813
57.71405102 11.9488077
57.71405102 11.9488077
57.71405163 11.94880736
57.71405224 11.94880716
57.71405285 11.94880681
57.71405347 11.94880643
57.71405471 11.94880567
57.71405531 11.94880452
57.71405531 11.94880452
57.71405592 11.94880411
57.71405654 11.94880369
57.7140573 11.94880355
57.71405858 11.94880275
57.71405918 11.94880229
57.71405918 11.94880229
57.71405979 11.94880181
57.71406052 11.94880143
57.71406112 11.94880094
57.71406238 11.94880003
57.71406298 11.94879952
57.71406364 11.94879936
57.71406364 11.94879936
57.71406423 11.94879883
57.71406494 11.94879828
57.71406609 11.94879717
57.71406678 11.94879673
57.71406736 11.94879617
57.71406786 11.9487956
57.71406786 11.9487956
57.71406899 11.94879441
57.71406968 11.94879396
57.71407024 11.94879334
57.714071 11.94879196
57.71407156 11.94879131
57.71407156 11.94879131
57.71407281 11.94879009
57.71407336 11.94878942
57.714074 11.94878874
57.71407454 11.94878806
57.71407507 11.94878737
57.71407507 11.94878737
57.71407623 11.94878604
57.71407687 11.94878532
57.7140774 11.94878461
57.71407792 11.94878389
57.71407853 11.94878323
57.71407904 11.9487825
57.71408023 11.94878096
57.71408023 11.94878096
57.71408072 11.94878021
57.71408134 11.9487795
57.71408182 11.94877873
57.71408244 11.94877797
57.71408244 11.94877797
57.7140834 11.9487764
57.71408395 11.94877578
57.71408443 11.94877496
57.71408509 11.94877329
57.71408555 11.94877246
57.71408659 11.94877082
57.71408704 11.94876998
57.71408704 11.94876998
57.71408764 11.94876919
57.71408809 11.94876832
57.71408904 11.94876667
57.71408948 11.94876578
57.7140901 11.94876485
57.7140901 11.94876485
57.71409053 11.94876393
57.71409096 11.94876301
57.71409193 11.94876123
57.7140926 11.94876021
57.714093 11.94875924
57.714093 11.94875924
57.71409341 11.94875828
57.71409434 11.94875635
57.71409471 11.94875532
57.71409509 11.94875432
57.71409547 11.94875332
57.71409602 11.94875236
57.71409639 11.94875134
57.7140969 11.94874932
57.7140969 11.94874932
57.71409762 11.94874725
57.71409816 11.94874632
57.71409851 11.94874526
57.71409903 11.9487442
57.71409903 11.9487442
57.71409971 11.94874207
57.71410014 11.94874113
57.71410048 11.94874004
57.71410091 11.94873891
57.71410123 11.94873782
57.71410123 11.94873782
57.71410187 11.94873562
57.71410218 11.94873451
57.71410258 11.9487333
57.71410287 11.94873219
57.71410357 11.94873006
57.71410386 11.94872895
57.71410386 11.94872895
57.71410419 11.94872782
57.71410448 11.9487267
57.71410477 11.94872558
57.71410506 11.94872444
57.71410533 11.9487233
57.71410581 11.94871988
57.71410581 11.94871988
57.71410608 11.9487187
57.71410648 11.94871757
57.71410674 11.9487164
57.71410737 11.94871408
57.71410737 11.94871408
57.71410762 11.94871289
57.71410799 11.94871173
57.71410823 11.94871054
57.71410846 11.94870925
57.71410894 11.94870683
57.71410925 11.94870594
57.71410947 11.94870471
57.71410947 11.94870471
57.71410989 11.94870331
57.71411031 11.94870085
57.71411061 11.9486996
57.71411081 11.94869836
57.71411126 11.94869734
57.71411146 11.94869609
57.71411146 11.94869609
57.71411182 11.94869358
57.71411199 11.94869232
57.71411195 11.94868993
57.71411211 11.94868865
57.71411226 11.94868737
57.71411281 11.94868465
57.71411312 11.94868316
57.71411312 11.94868316
57.71411327 11.94868189
57.7141134 11.94868061
57.7141137 11.94867929
57.71411382 11.948678
57.71411422 11.94867538
57.71411422 11.94867538
57.71411432 11.94867409
57.71411457 11.94867266
57.71411466 11.94867138
57.71411493 11.94866984
57.7141151 11.94866731
57.71411533 11.94866626
57.71411539 11.94866499
57.71411539 11.94866499
57.71411562 11.94866345
57.71411572 11.9486609
57.71411577 11.94865961
57.7141158 11.94865833
57.71411569 11.94865593
57.7141157 11.94865465
57.7141157 11.94865465
57.71411591 11.94865187
57.71411591 11.9486506
57.71411604 11.94864915
57.71411602 11.9486479
57.71411601 11.94864664
57.71411601 11.94864664
57.71411615 11.94864406
57.71411611 11.94864285
57.71411607 11.94864159
57.71411602 11.94864032
57.71411616 11.94863879
57.71411615 11.94863607
57.71411615 11.94863607
57.71411608 11.94863482
57.714116 11.94863356
57.71411591 11.94863229
57.71411581 11.94863103
57.71411579 11.94862817
57.71411579 11.94862817
57.71411567 11.94862691
57.71411577 11.94862532
57.71411564 11.94862405
57.71411527 11.94862161
57.71411496 11.9486191
57.71411496 11.9486191
57.71411498 11.94861746
57.71411481 11.94861622
57.71411477 11.94861467
57.71411458 11.94861344
57.71411437 11.9486107
57.71411416 11.94860948
57.71411416 11.94860948
57.71411415 11.94860847
57.71411394 11.94860724
57.71411361 11.94860444
57.71411336 11.94860323
57.71411323 11.94860178
57.71411323 11.94860178
57.71411297 11.94860058
57.71411271 11.94859938
57.71411227 11.94859678
57.71411209 11.94859553
57.7141118 11.94859436
57.71411151 11.94859319
57.71411151 11.94859319
57.71411129 11.94859183
57.71411099 11.94859068
57.71411034 11.94858861
57.71410969 11.94858633
57.71410943 11.94858493
57.7141091 11.94858381
57.71410881 11.94858264
57.71410881 11.94858264
57.71410811 11.94858043
57.71410788 11.94857941
57.71410752 11.94857831
57.71410725 11.94857746
57.71410725 11.94857746
57.71410647 11.9485753
57.71410617 11.94857409
57.71410576 11.94857303
57.71410546 11.94857212
57.71410505 11.94857107
57.71410424 11.94856881
57.71410381 11.94856778
57.71410349 11.94856695
57.71410349 11.94856695
57.71410305 11.94856593
57.71410261 11.94856492
57.7141017 11.9485629
57.71410074 11.94856106
57.71410027 11.94856008
57.71410027 11.94856008
57.71409979 11.9485591
57.71409935 11.94855797
57.71409887 11.94855701
57.7140979 11.94855513
57.71409741 11.94855419
57.71409703 11.94855338
57.71409703 11.94855338
57.71409653 11.94855246
57.71409608 11.94855174
57.71409504 11.94854997
57.71409451 11.94854909
57.71409398 11.94854822
57.71409346 11.94854748
57.71409346 11.94854748
57.71409239 11.94854578
57.71409185 11.94854494
57.7140913 11.94854411
57.71409073 11.94854336
57.71409018 11.94854254
57.71409018 11.94854254
57.71408906 11.94854092
57.71408849 11.94854011
57.71408734 11.94853873
57.71408676 11.94853793
57.71408618 11.94853714
57.714085 11.94853557
57.714085 11.94853557
57.71408441 11.94853499
57.71408382 11.94853421
57.71408322 11.94853343
57.71408262 11.94853266
57.71408142 11.94853136
57.71408142 11.94853136
57.7140808 11.94853059
57.71408019 11.94852985
57.71407961 11.94852922
57.71407899 11.94852847
57.71407784 11.94852758
57.71407784 11.94852758
57.71407722 11.94852685
57.7140766 11.94852611
57.71407599 11.94852538
57.71407536 11.94852479
57.71407413 11.94852329
57.71407351 11.94852254
57.71407351 11.94852254
57.71407289 11.94852179
57.71407174 11.94852121
57.71407113 11.94852045
57.71406996 11.94851939
57.71406934 11.94851865
57.71406878 11.94851841
57.71406878 11.94851841
57.71406817 11.94851766
57.71406699 11.9485164
57.71406638 11.94851566
57.71406574 11.94851506
57.71406513 11.94851434
57.71406513 11.94851434
57.71406453 11.94851362
57.71406331 11.94851216
57.71406269 11.94851159
57.71406208 11.94851086
57.71406147 11.94851014
57.71406147 11.94851014
57.71406092 11.94850957
57.71406031 11.94850884
57.71405914 11.94850765
57.71405853 11.94850693
57.71405798 11.94850627
57.71405737 11.94850555
57.71405614 11.94850437
57.71405614 11.94850437
57.71405491 11.94850297
57.71405429 11.94850226
57.71405368 11.94850156
57.71405309 11.94850104
57.71405247 11.94850034
57.71405247 11.94850034
57.71405127 11.9484989
57.71405065 11.94849821
57.71405019 11.94849783
57.71404957 11.94849714
57.7140484 11.94849578
57.7140484 11.94849578
57.71404778 11.94849509
57.71404729 11.94849462
57.71404667 11.94849393
57.71404605 11.94849324
57.71404481 11.94849188
57.71404431 11.94849142
57.71404431 11.94849142
57.71404369 11.94849075
57.71404307 11.94849008
57.71404247 11.94848929
57.71404185 11.94848861
57.71403996 11.94848689
57.71403996 11.94848689
57.71403934 11.94848622
57.71403871 11.94848556
57.71403809 11.9484849
57.71403751 11.94848447
57.71403625 11.94848318
57.71403625 11.94848318
57.71403568 11.94848245
57.71403506 11.9484818
57.7140345 11.9484814
57.71403324 11.94848012
57.71403261 11.94847948
57.71403197 11.94847884
57.71403197 11.94847884
57.7140314 11.94847843
57.71403076 11.94847779
57.71402946 11.9484765
57.71402881 11.94847587
57.71402838 11.94847544
57.71402772 11.94847481
57.71402772 11.94847481
57.71402707 11.94847418
57.71402587 11.94847288
57.71402464 11.94847201
57.71402398 11.94847138
57.71402331 11.94847074
57.71402271 11.94847
57.71402204 11.94846936
57.71402204 11.94846936
57.71402082 11.94846825
57.71402015 11.94846764
57.71401949 11.94846684
57.71401883 11.94846622
57.71401766 11.9484652
57.71401766 11.9484652
57.714017 11.94846461
57.71401633 11.94846401
57.71401567 11.94846343
57.71401515 11.94846301
57.71401381 11.94846188
57.71401381 11.94846188
57.71401322 11.94846124
57.71401255 11.94846067
57.71401201 11.94846023
57.71401068 11.94845913
57.71401004 11.94845848
57.71400937 11.94845794
57.71400804 11.94845729
57.71400804 11.94845729
57.71400736 11.94845675
57.71400601 11.94845568
57.71400533 11.94845516
57.71400481 11.94845496
57.71400481 11.94845496
57.71400413 11.94845444
57.71400344 11.94845393
57.71400207 11.94845275
57.71400159 11.94845241
57.7140009 11.94845193
57.7140009 11.94845193
57.7140002 11.94845144
57.71399951 11.94845097
57.71399881 11.9484505
57.7139976 11.94844993
57.71399689 11.9484495
57.71399617 11.94844871
57.71399547 11.9484483
57.71399494 11.94844797
57.71399494 11.94844797
57.71399352 11.94844716
57.71399281 11.94844677
57.7139921 11.94844639
57.71399083 11.94844613
57.71399011 11.94844577
57.71398866 11.94844508
57.71398866 11.94844508
57.71398793 11.94844475
57.71398736 11.94844446
57.71398663 11.94844414
57.71398515 11.94844328
57.71398442 11.94844298
57.71398395 11.94844286
57.71398395 11.94844286
57.71398321 11.94844258
57.71398248 11.94844231
57.713981 11.94844179
57.71398053 11.94844192
57.71398053 11.94844192
57.71397978 11.94844169
57.71397903 11.94844147
57.71397754 11.94844105
57.7139769 11.94844087
57.71397616 11.94844068
57.71397616 11.94844068
57.71397541 11.9484405
57.71397459 11.94844004
57.71397385 11.94843989
57.71397258 11.94843992
57.71397108 11.94843965
57.71397034 11.94843935
57.71396959 11.94843924
57.71396959 11.94843924
57.71396905 11.94843927
57.71396756 11.94843911
57.71396673 11.94843883
57.71396599 11.94843878
57.71396545 11.94843902
57.71396545 11.94843902
57.7139647 11.94843899
57.71396316 11.94843872
57.71396241 11.94843873
57.71396189 11.948439
57.71396114 11.94843903
57.71396114 11.94843903
57.71395952 11.94843889
57.71395878 11.94843896
57.71395821 11.94843913
57.71395746 11.94843923
57.71395672 11.94843933
57.71395597 11.94843944
57.71395597 11.94843944
57.71395523 11.94843957
57.71395332 11.94844002
57.71395259 11.94844019
57.71395176 11.94844019
57.71395103 11.94844039
57.71394979 11.94844093
57.71394979 11.94844093
57.71394907 11.94844115
57.71394831 11.94844127
57.71394759 11.94844151
57.7139472 11.94844205
57.7139472 11.94844205
57.71394577 11.94844261
57.71394506 11.94844292
57.71394434 11.94844323
57.71394389 11.94844365
57.71394248 11.94844436
57.71394172 11.94844454
57.71394172 11.94844454
57.71394102 11.94844493
57.71394059 11.94844541
57.71393989 11.94844581
57.71393852 11.94844668
57.71393784 11.94844715
57.71393674 11.94844778
57.71393607 11.94844827
57.71393607 11.94844827
57.7139354 11.94844877
57.713934 11.94844973
57.71393362 11.94845046
57.71393297 11.94845101
57.71393233 11.94845159
57.71393158 11.94845204
57.71393158 11.94845204
57.71393095 11.94845263
57.71393003 11.94845402
57.71392941 11.94845464
57.71392879 11.94845527
57.71392819 11.94845591
57.71392766 11.94845656
57.71392766 11.94845656
57.71392647 11.94845791
57.71392595 11.94845857
57.71392537 11.94845925
57.71392516 11.94846005
57.71392516 11.94846005
57.71392402 11.94846147
57.71392368 11.9484622
57.71392312 11.94846293
57.71392235 11.94846402
57.7139218 11.94846479
57.71392079 11.94846627
57.71392079 11.94846627
57.71392025 11.94846704
57.7139199 11.94846787
57.71391937 11.94846865
57.71391884 11.94846945
57.71391781 11.94847107
57.71391752 11.94847196
57.71391752 11.94847196
57.71391702 11.94847279
57.71391652 11.94847363
57.71391617 11.94847448
57.71391551 11.94847627
57.71391502 11.94847714
57.71391502 11.94847714
57.71391453 11.94847803
57.71391405 11.94847892
57.71391357 11.94847983
57.71391302 11.94848167
57.71391302 11.94848167
57.71391256 11.94848259
57.71391221 11.94848355
57.71391175 11.9484845
57.71391107 11.94848573
57.71391016 11.94848765
57.71390983 11.94848864
57.71390938 11.94848961
57.71390906 11.9484906
57.71390906 11.9484906
57.71390862 11.94849158
57.71390774 11.94849355
57.7139073 11.94849454
57.71390733 11.94849557
57.71390733 11.94849557
57.71390689 11.94849658
57.71390604 11.9484986
57.71390561 11.94849962
57.71390575 11.94850062
57.71390533 11.94850162
57.71390533 11.94850162
57.7139049 11.94850262
57.71390405 11.9485046
57.71390414 11.94850565
57.71390372 11.94850665
57.7139033 11.94850765
57.71390318 11.94850864
57.71390276 11.94850965
57.71390202 11.94851101
57.71390202 11.94851101
57.71390118 11.94851302
57.71390076 11.94851402
57.71390034 11.94851502
57.71390002 11.94851607
57.71390002 11.94851607
57.71389918 11.94851807
57.71389876 11.94851907
57.71389835 11.94852006
57.71389809 11.94852105
57.71389767 11.94852205
57.71389767 11.94852205
57.71389684 11.94852404
57.71389643 11.94852503
57.71389649 11.94852597
57.71389608 11.94852695
57.71389526 11.94852892
57.71389526 11.94852892
57.71389485 11.94852992
57.71389469 11.94853095
57.71389428 11.94853197
57.71389387 11.94853299
57.71389312 11.94853504
57.71389262 11.9485364
57.71389262 11.9485364
57.71389221 11.94853744
57.71389181 11.94853849
57.71389137 11.94853952
57.71389096 11.94854058
57.71389029 11.94854266
57.71388989 11.94854375
57.71388989 11.94854375
57.71388949 11.94854483
57.7138891 11.94854592
57.71388885 11.94854695
57.71388809 11.94854913
57.71388772 11.94855024
57.71388736 11.94855134
57.71388736 11.94855134
57.71388709 11.94855224
57.71388639 11.94855444
57.71388587 11.94855553
57.71388554 11.94855665
57.71388535 11.94855767
57.71388535 11.94855767
57.71388502 11.9485588
57.71388416 11.9485611
57.71388385 11.94856226
57.71388344 11.94856364
57.71388313 11.9485648
57.71388283 11.94856598
57.71388283 11.94856598
57.71388224 11.94856832
57.71388213 11.94856927
57.71388185 11.94857046
57.71388158 11.94857165
57.71388132 11.94857285
57.71388101 11.94857494
57.71388101 11.94857494
57.71388077 11.94857614
57.71388053 11.94857734
57.71388004 11.94857859
57.7138798 11.94857979
57.7138795 11.94858196
57.7138795 11.94858196
57.71387928 11.94858317
57.71387885 11.94858445
57.71387863 11.94858567
57.71387861 11.94858657
57.71387822 11.94858904
57.71387803 11.94859028
57.71387803 11.94859028
57.71387785 11.94859151
57.71387756 11.94859293
57.71387738 11.94859416
57.71387705 11.94859663
57.7138769 11.94859786
57.71387692 11.94859871
57.71387692 11.94859871
57.71387677 11.94859994
57.71387629 11.94860252
57.71387616 11.94860376
57.71387618 11.94860478
57.71387606 11.94860602
57.71387606 11.94860602
57.71387594 11.94860726
57.71387572 11.94860972
57.71387578 11.94861063
57.71387569 11.94861186
57.7138756 11.94861309
57.7138756 11.94861309
57.71387536 11.94861439
57.71387528 11.94861563
57.71387535 11.94861769
57.71387529 11.94861893
57.71387503 11.94862029
57.71387497 11.94862151
57.71387486 11.9486228
57.71387486 11.9486228
57.71387477 11.94862523
57.71387473 11.94862644
57.7138747 11.94862765
57.71387471 11.94862841
57.71387469 11.94862962
57.71387469 11.94862962
57.71387452 11.94863218
57.71387451 11.9486334
57.71387461 11.94863432
57.71387461 11.94863553
57.71387463 11.94863794
57.71387463 11.94863794
57.71387464 11.94863914
57.71387481 11.94864005
57.71387484 11.94864125
57.71387487 11.94864245
57.71387469 11.94864522
57.7138747 11.9486462
57.7138747 11.9486462
57.71387476 11.94864744
57.71387483 11.94864868
57.71387471 11.94865011
57.71387478 11.94865135
57.7138748 11.94865407
57.7138748 11.94865407
57.7138749 11.9486553
57.71387501 11.94865654
57.71387512 11.94865778
57.71387534 11.94865873
57.71387561 11.9486612
57.71387561 11.9486612
57.71387575 11.94866243
57.71387591 11.94866366
57.71387591 11.94866496
57.71387627 11.94866741
57.71387646 11.94866863
57.71387665 11.94866984
57.71387675 11.948671
57.71387675 11.948671
57.71387696 11.9486722
57.71387722 11.94867491
57.71387745 11.94867607
57.71387761 11.94867715
57.71387761 11.94867715
57.71387785 11.94867831
57.7138781 11.94867946
57.71387848 11.94868203
57.71387861 11.94868345
57.71387887 11.94868456
57.71387914 11.94868568
57.71387914 11.94868568
57.71387937 11.94868682
57.71387965 11.94868792
57.71388023 11.94868991
57.71388054 11.94869099
57.71388085 11.94869206
57.71388117 11.94869314
57.71388188 11.94869497
57.71388188 11.94869497
57.71388222 11.94869601
57.71388247 11.94869731
57.71388281 11.94869833
57.71388317 11.94869917
57.71388317 11.94869917
57.71388389 11.94870116
57.71388419 11.94870235
57.71388457 11.94870332
57.71388492 11.94870419
57.7138857 11.94870614
57.7138857 11.94870614
57.7138861 11.9487071
57.71388652 11.94870806
57.71388694 11.94870891
57.71388736 11.94870986
57.71388823 11.94871172
57.71388868 11.94871265
57.71388915 11.94871315
57.71388915 11.94871315
57.71388961 11.94871406
57.71389008 11.94871497
57.71389103 11.94871675
57.71389146 11.94871729
57.71389195 11.94871815
57.71389195 11.94871815
57.71389245 11.94871901
57.71389294 11.94871986
57.71389344 11.9487207
57.71389445 11.9487218
57.71389495 11.94872263
57.71389495 11.94872263
57.71389546 11.94872321
57.71389597 11.94872402
57.71389649 11.9487243
57.71389752 11.94872587
57.71389803 11.94872645
57.71389855 11.94872721
57.71389855 11.94872721
57.71389911 11.9487277
57.71389963 11.94872845
57.71390067 11.9487298
57.7139012 11.94873052
57.71390172 11.94873086
57.71390225 11.94873156
57.71390225 11.94873156
57.71390328 11.94873281
57.71390381 11.94873349
57.71390433 11.94873383
57.71390486 11.9487345
57.71390539 11.94873517
57.71390539 11.94873517
57.71390642 11.9487362
57.71390698 11.94873676
57.71390753 11.94873741
57.71390808 11.94873807
57.71390859 11.94873851
57.71390973 11.94873953
57.71390973 11.94873953
57.7139103 11.9487402
57.71391088 11.94874086
57.71391146 11.94874152
57.71391204 11.94874218
57.71391276 11.9487428
57.71391276 11.9487428
57.71391395 11.94874413
57.71391452 11.94874452
57.71391512 11.94874519
57.71391573 11.94874547
57.71391696 11.94874681
57.71391696 11.94874681
57.71391753 11.94874723
57.71391814 11.94874789
57.71391878 11.94874828
57.7139194 11.94874895
57.71392062 11.94875031
57.71392062 11.94875031
57.71392124 11.94875099
57.71392189 11.9487514
57.71392252 11.94875209
57.71392377 11.94875329
57.71392441 11.94875399
57.71392504 11.94875432
57.71392504 11.94875432
57.71392568 11.94875502
57.71392631 11.94875572
57.71392695 11.94875643
57.71392758 11.94875713
57.71392907 11.94875841
57.71392907 11.94875841
57.71392972 11.94875911
57.71393033 11.94875975
57.71393099 11.94876047
57.71393168 11.94876102
57.713933 11.94876249
57.713933 11.94876249
57.71393362 11.94876311
57.71393429 11.94876385
57.71393503 11.94876457
57.71393637 11.94876605
57.71393704 11.9487668
57.71393772 11.94876755
57.71393841 11.94876815
57.71393841 11.94876815
57.71393977 11.94876965
57.71394045 11.9487704
57.71394113 11.94877114
57.71394184 11.94877183
57.71394184 11.94877183
57.71394252 11.94877258
57.71394385 11.94877407
57.71394454 11.94877482
57.71394544 11.94877538
57.71394612 11.94877613
57.7139468 11.94877688
57.7139468 11.94877688
57.71394817 11.94877838
57.71394887 11.94877917
57.71394956 11.94877992
57.71395026 11.94878065
57.71395092 11.94878151
57.71395163 11.94878223
57.71395163 11.94878223
57.71395303 11.9487835
57.71395375 11.94878422
57.71395441 11.94878506
57.71395514 11.94878577
57.71395587 11.94878636
57.71395587 11.94878636
57.71395732 11.94878775
57.71395803 11.94878863
57.71395876 11.94878931
57.71395947 11.94879008
57.71396094 11.94879139
57.71396094 11.94879139
57.71396167 11.94879223
57.7139624 11.94879287
57.71396334 11.94879321
57.71396407 11.94879384
57.71396554 11.94879524
57.71396628 11.94879584
57.71396628 11.94879584
57.71396692 11.94879637
57.71396766 11.94879696
57.71396839 11.94879755
57.71396984 11.94879885
57.71397056 11.94879928
57.71397056 11.94879928
57.71397131 11.94879985
57.71397206 11.94880041
57.71397283 11.94880114
57.71397432 11.94880229
57.71397507 11.9488028
57.71397507 11.9488028
57.71397582 11.94880331
57.71397661 11.94880406
57.71397737 11.94880454
57.71397881 11.94880548
57.71397956 11.94880594
57.71398034 11.94880655
57.7139811 11.94880699
57.7139811 11.94880699
57.71398204 11.94880694
57.71398355 11.94880777
57.71398434 11.94880837
57.71398509 11.94880876
57.71398573 11.94880892
57.71398649 11.94880931
57.71398649 11.94880931
57.71398805 11.94881018
57.71398881 11.94881054
57.71398952 11.94881088
57.71399028 11.94881122
57.71399185 11.94881202
57.71399185 11.94881202
57.71399261 11.94881235
57.71399325 11.94881253
57.71399402 11.94881284
57.71399479 11.94881313
57.71399632 11.94881384
57.71399702 11.94881404
57.71399702 11.94881404
57.71399778 11.94881431
57.71399854 11.94881456
57.71399933 11.9488149
57.71400009 11.94881512
57.71400109 11.94881481
57.71400109 11.94881481
57.71400261 11.94881523
57.71400337 11.94881543
57.71400414 11.94881563
57.71400478 11.94881572
57.71400631 11.94881605
57.71400712 11.94881631
57.71400712 11.94881631
57.71400788 11.94881645
57.7140086 11.94881661
57.71400937 11.94881674
57.71401088 11.94881709
57.71401165 11.94881719
57.71401228 11.94881716
57.71401228 11.94881716
57.71401305 11.94881725
57.71401464 11.94881751
57.7140154 11.94881757
57.71401608 11.94881752
57.71401685 11.94881756
57.71401685 11.94881756
57.71401762 11.94881759
57.71401916 11.94881772
57.71402011 11.94881697
57.71402088 11.94881697
57.71402165 11.94881696
57.71402245 11.94881706
57.71402245 11.94881706
57.71402322 11.94881703
57.71402462 11.94881685
57.71402539 11.94881678
57.71402626 11.94881686
57.71402702 11.94881676
57.71402768 11.94881649
57.71402768 11.94881649
57.7140292 11.94881623
57.71403006 11.94881631
57.71403083 11.94881614
57.71403165 11.94881604
57.71403317 11.94881566
57.71403317 11.94881566
57.71403403 11.94881562
57.71403479 11.9488154
57.71403536 11.94881497
57.71403612 11.94881472
57.71403778 11.94881438
57.71403778 11.94881438
57.71403854 11.94881408
57.71403929 11.94881273
57.71404005 11.9488124
57.71404081 11.94881206
57.71404234 11.94881132
57.71404281 11.94881069
57.71404281 11.94881069
57.71404357 11.94881027
57.71404433 11.94880984
57.71404537 11.94880972
57.71404613 11.94880926
57.71404757 11.94880847
57.71404757 11.94880847
57.71404832 11.94880797
57.71404927 11.94880767
57.71405001 11.94880714
57.71405157 11.94880617
57.7140523 11.94880561
57.7140523 11.94880561
57.71405316 11.94880515
57.71405388 11.94880456
57.71405466 11.94880404
57.71405609 11.94880282
57.71405685 11.94880227
57.71405756 11.94880163
57.71405829 11.9488001
57.71405829 11.9488001
57.71405899 11.94879944
57.7140604 11.94879813
57.7140611 11.94879743
57.71406177 11.94879672
57.71406177 11.94879672
57.71406246 11.948796
57.71406381 11.94879455
57.71406448 11.94879379
57.71406512 11.94879308
57.71406579 11.9487923
57.71406579 11.9487923
57.71406645 11.94879152
57.71406774 11.94878994
57.71406831 11.94878911
57.71406895 11.94878829
57.71406959 11.94878746
57.71406959 11.94878746
57.71407025 11.94878666
57.71407088 11.9487858
57.71407199 11.94878405
57.71407261 11.94878315
57.71407323 11.94878224
57.71407384 11.94878131
57.71407441 11.94877929
57.71407563 11.94877736
57.71407563 11.94877736
57.71407632 11.94877643
57.71407692 11.94877544
57.71407736 11.94877445
57.71407795 11.94877344
57.71407922 11.94877146
57.71407922 11.94877146
57.71407979 11.94877042
57.71408024 11.94876939
57.7140808 11.94876834
57.714082 11.94876627
57.71408254 11.94876519
57.71408306 11.94876412
57.71408306 11.94876412
57.71408359 11.94876302
57.71408411 11.94876191
57.71408524 11.94875969
57.71408555 11.94875855
57.71408605 11.94875739
57.71408605 11.94875739
57.71408655 11.94875622
57.71408705 11.94875503
57.71408755 11.94875384
57.71408847 11.94875037
57.71408894 11.94874915
57.71408956 11.94874795
57.71409002 11.94874672
57.71409037 11.94874558
57.71409037 11.94874558
57.71409127 11.94874309
57.71409171 11.94874193
57.71409214 11.94874067
57.71409243 11.94873947
57.71409243 11.94873947
57.71409328 11.94873694
57.7140936 11.94873587
57.71409401 11.94873459
57.7140944 11.94873333
57.71409479 11.94873204
57.71409479 11.94873204
57.71409558 11.94872961
57.71409596 11.94872829
57.71409619 11.94872723
57.71409657 11.9487259
57.71409694 11.94872457
57.71409767 11.94872187
57.71409788 11.94871937
57.71409788 11.94871937
57.71409823 11.94871801
57.71409857 11.94871664
57.71409898 11.94871529
57.71409932 11.94871393
57.71409987 11.94871124
57.71409987 11.94871124
57.71410019 11.94870987
57.7141005 11.94870854
57.71410079 11.94870718
57.71410126 11.94870456
57.71410126 11.94870456
57.71410154 11.9487032
57.71410183 11.94870185
57.7141021 11.9487005
57.71410224 11.94869921
57.71410276 11.94869646
57.71410301 11.94869535
57.71410301 11.94869535
57.71410325 11.94869395
57.71410346 11.94869279
57.71410392 11.94868999
57.71410415 11.94868858
57.71410437 11.94868717
57.71410444 11.94868458
57.71410444 11.94868458
57.71410464 11.94868317
57.71410519 11.94868024
57.71410536 11.94867882
57.71410563 11.94867731
57.71410579 11.9486759
57.71410579 11.9486759
57.71410594 11.94867448
57.71410639 11.94867156
57.71410642 11.94867024
57.71410654 11.9486688
57.71410665 11.94866736
57.71410665 11.94866736
57.71410697 11.94866574
57.71410707 11.94866429
57.71410708 11.9486616
57.71410715 11.94866013
57.7141074 11.94865864
57.71410746 11.94865717
57.71410742 11.94865579
57.71410742 11.94865579
57.71410749 11.94865283
57.71410769 11.94865116
57.71410771 11.9486497
57.71410761 11.94864691
57.71410761 11.94864546
57.71410761 11.94864546
57.7141078 11.94864227
57.71410776 11.94864083
57.71410775 11.94863947
57.7141077 11.94863804
57.71410756 11.94863516
57.71410748 11.94863372
57.71410748 11.94863372
57.7141075 11.94863224
57.7141074 11.9486308
57.71410729 11.94862935
57.71410723 11.94862641
57.71410718 11.9486252
57.71410718 11.9486252
57.71410704 11.94862374
57.71410688 11.94862229
57.71410688 11.9486206
57.71410659 11.94861767
57.7141064 11.94861623
57.7141064 11.94861623
57.71410621 11.94861479
57.71410612 11.94861315
57.71410591 11.94861172
57.7141054 11.94860928
57.71410494 11.94860648
57.71410481 11.94860485
57.71410456 11.94860346
57.7141043 11.94860217
57.71410376 11.94859943
57.71410376 11.94859943
57.71410356 11.94859789
57.71410327 11.94859655
57.71410298 11.94859529
57.71410268 11.94859396
57.71410204 11.9485913
57.7141017 11.94858997
57.7141017 11.94858997
57.71410128 11.94858893
57.71410092 11.9485876
57.71410029 11.94858472
57.7140999 11.94858344
57.71409951 11.94858224
57.71409951 11.94858224
57.71409912 11.94858099
57.71409873 11.94857974
57.7140984 11.9485784
57.71409799 11.94857717
57.7140968 11.94857387
57.7140968 11.94857387
57.71409637 11.94857266
57.71409593 11.94857147
57.71409548 11.94857029
57.71409505 11.94856921
57.71409413 11.94856689
57.71409366 11.94856574
57.71409318 11.9485646
57.71409318 11.9485646
57.71409265 11.9485638
57.71409164 11.94856153
57.71409117 11.94856031
57.71409065 11.94855918
57.71409008 11.94855835
57.71409008 11.94855835
57.71408955 11.94855723
57.71408849 11.94855496
57.71408795 11.94855392
57.71408738 11.94855317
57.71408683 11.94855214
57.71408683 11.94855214
57.71408628 11.94855113
57.71408517 11.94854912
57.71408423 11.94854769
57.71408366 11.94854671
57.71408309 11.94854572
57.71408195 11.94854377
57.71408135 11.94854349
57.71408135 11.94854349
57.71408078 11.94854253
57.7140802 11.94854156
57.71407962 11.94854103
57.71407905 11.94854009
57.71407785 11.94853859
57.71407785 11.94853859
57.71407726 11.94853764
57.71407666 11.9485367
57.71407606 11.94853577
57.71407543 11.94853517
57.71407422 11.94853335
57.71407422 11.94853335
57.71407362 11.94853245
57.71407301 11.94853156
57.71407238 11.94853089
57.71407115 11.94852913
57.71407057 11.94852851
57.71406995 11.94852765
57.71406893 11.94852629
57.71406893 11.94852629
57.7140683 11.94852543
57.71406707 11.94852379
57.71406645 11.94852296
57.71406585 11.94852262
57.71406522 11.94852178
57.71406522 11.94852178
57.71406459 11.94852095
57.71406332 11.94851927
57.71406266 11.94851862
57.71406201 11.94851777
57.71406137 11.94851692
57.71406137 11.94851692
57.71406076 11.94851655
57.71406012 11.94851569
57.71405876 11.94851408
57.71405811 11.94851322
57.71405746 11.94851237
57.71405681 11.94851153
57.71405681 11.94851153
57.71405545 11.94851001
57.7140548 11.94850916
57.71405417 11.94850853
57.71405352 11.9485077
57.71405234 11.94850651
57.71405105 11.94850487
57.71405105 11.94850487
57.71405042 11.94850418
57.71404978 11.94850336
57.71404912 11.94850284
57.71404848 11.94850203
57.71404717 11.9485004
57.71404653 11.94849958
57.71404582 11.94849888
57.71404582 11.94849888
57.71404517 11.94849806
57.71404389 11.94849655
57.71404325 11.94849574
57.71404255 11.94849504
57.71404191 11.94849423
57.71404191 11.94849423
57.71404127 11.94849343
57.71404004 11.94849201
57.71403932 11.94849124
57.71403867 11.94849044
57.71403867 11.94849044
57.71403803 11.94848965
57.71403738 11.94848885
57.71403674 11.94848805
57.71403546 11.94848681
57.71403418 11.94848521
57.71403353 11.94848442
57.71403288 11.94848362
57.71403223 11.94848296
57.71403223 11.94848296
57.7140309 11.94848134
57.71403024 11.94848053
57.71402958 11.94847972
57.71402891 11.94847908
57.71402825 11.94847827
57.71402825 11.94847827
57.71402699 11.94847668
57.71402633 11.94847588
57.71402568 11.94847518
57.71402502 11.94847439
57.7140237 11.9484728
57.71402304 11.94847202
57.71402247 11.94847136
57.71402247 11.94847136
57.7140218 11.94847058
57.71402113 11.9484698
57.71401979 11.94846825
57.71401848 11.94846727
57.7140178 11.94846652
57.7140178 11.94846652
57.71401712 11.94846577
57.71401643 11.94846502
57.71401573 11.94846429
57.71401436 11.94846306
57.71401366 11.94846235
57.71401366 11.94846235
57.71401306 11.94846132
57.71401236 11.94846062
57.71401175 11.94845988
57.71401034 11.94845852
57.71400973 11.94845761
57.71400902 11.94845695
57.71400832 11.94845644
57.71400832 11.94845644
57.71400689 11.94845516
57.71400617 11.94845453
57.71400544 11.94845391
57.7140048 11.9484531
57.71400407 11.94845251
57.71400407 11.94845251
57.7140026 11.94845091
57.71400187 11.94845035
57.71400056 11.94844979
57.71399981 11.94844924
57.71399905 11.94844871
57.71399905 11.94844871
57.71399747 11.94844715
57.71399677 11.94844649
57.713996 11.94844599
57.71399523 11.9484455
57.71399441 11.94844464
57.71399364 11.94844416
57.71399364 11.94844416
57.71399222 11.94844323
57.71399144 11.94844281
57.71399058 11.94844203
57.71398978 11.94844162
57.71398833 11.9484411
57.71398833 11.9484411
57.71398752 11.94844073
57.71398664 11.94844006
57.71398584 11.94843971
57.71398524 11.94843971
57.71398363 11.94843908
57.71398363 11.94843908
57.71398282 11.94843878
57.71398201 11.94843849
57.71398073 11.94843845
57.7139799 11.94843818
57.71397825 11.94843767
57.71397742 11.94843743
57.7139766 11.94843713
57.71397578 11.94843692
57.71397578 11.94843692
57.71397408 11.94843628
57.71397327 11.94843611
57.71397258 11.94843596
57.71397177 11.94843582
57.71397095 11.94843568
57.71397095 11.94843568
57.71396932 11.94843545
57.71396855 11.94843528
57.71396774 11.94843521
57.71396694 11.94843515
57.71396602 11.9484348
57.71396522 11.94843476
57.71396377 11.94843496
57.71396377 11.94843496
57.71396297 11.94843497
57.71396216 11.948435
57.71396135 11.94843504
57.71396009 11.94843541
57.71395847 11.94843557
57.71395847 11.94843557
57.71395749 11.94843527
57.71395669 11.94843539
57.71395595 11.94843545
57.71395515 11.9484356
57.71395355 11.94843596
57.71395355 11.94843596
57.71395275 11.94843617
57.71395203 11.94843624
57.71395122 11.94843648
57.71394947 11.94843667
57.71394867 11.94843694
57.71394802 11.94843743
57.71394802 11.94843743
57.71394723 11.94843776
57.71394643 11.94843811
57.71394461 11.94843838
57.71394377 11.94843856
57.713943 11.94843895
57.713943 11.94843895
57.71394222 11.94843936
57.71394129 11.9484395
57.71394052 11.94843995
57.7139385 11.94844104
57.71393776 11.94844155
57.71393685 11.94844185
57.71393685 11.94844185
57.71393611 11.94844239
57.71393552 11.94844306
57.71393406 11.94844426
57.71393311 11.94844461
57.7139324 11.94844525
57.71393185 11.94844601
57.71393185 11.94844601
57.71393045 11.94844732
57.71392975 11.94844801
57.71392905 11.94844872
57.71392852 11.94844942
57.71392784 11.94845014
57.71392784 11.94845014
57.71392649 11.94845162
57.71392582 11.94845239
57.71392539 11.94845331
57.71392474 11.9484541
57.71392409 11.94845491
57.71392291 11.94845653
57.7139221 11.94845783
57.7139221 11.94845783
57.71392147 11.94845867
57.71392085 11.94845951
57.71392043 11.94846041
57.71391982 11.94846126
57.71391887 11.94846308
57.71391887 11.94846308
57.71391828 11.94846395
57.71391786 11.9484648
57.71391728 11.94846567
57.71391701 11.94846669
57.71391587 11.94846847
57.71391587 11.94846847
57.71391541 11.94846942
57.71391485 11.94847033
57.71391448 11.94847134
57.71391336 11.9484732
57.71391292 11.9484742
57.71391238 11.94847516
57.71391206 11.94847623
57.71391206 11.94847623
57.71391152 11.94847722
57.71391056 11.94847919
57.71391002 11.9484802
57.71390932 11.94848174
57.71390878 11.94848276
57.71390878 11.94848276
57.71390789 11.94848477
57.71390736 11.9484858
57.71390695 11.9484869
57.71390643 11.94848793
57.71390591 11.94848896
57.71390591 11.94848896
57.71390486 11.94849102
57.71390469 11.94849219
57.71390417 11.94849323
57.71390366 11.94849426
57.71390328 11.94849526
57.71390277 11.9484963
57.71390195 11.94849853
57.71390195 11.94849853
57.71390144 11.94849957
57.71390104 11.94850066
57.71390053 11.94850172
57.71390021 11.94850288
57.71390021 11.94850288
57.7138992 11.94850499
57.71389869 11.94850604
57.71389819 11.9485071
57.71389754 11.94850887
57.71389705 11.94850993
57.71389615 11.94851199
57.71389615 11.94851199
57.71389565 11.94851306
57.71389526 11.94851426
57.71389476 11.94851535
57.71389381 11.94851754
57.71389332 11.94851865
57.71389293 11.94851984
57.71389293 11.94851984
57.71389245 11.94852093
57.71389197 11.94852203
57.71389102 11.94852425
57.71389048 11.94852541
57.71389001 11.94852654
57.71389001 11.94852654
57.71388954 11.94852769
57.71388901 11.94852884
57.71388798 11.94853126
57.71388752 11.94853245
57.71388706 11.94853365
57.71388655 11.94853475
57.71388655 11.94853475
57.71388611 11.94853595
57.71388537 11.9485379
57.71388452 11.94854031
57.71388398 11.94854155
57.71388356 11.94854279
57.71388313 11.94854404
57.71388313 11.94854404
57.71388231 11.94854661
57.71388178 11.94854792
57.71388139 11.94854921
57.71388093 11.94855052
57.71388055 11.94855181
57.71387983 11.94855439
57.71387983 11.94855439
57.71387948 11.94855568
57.71387917 11.94855686
57.71387884 11.94855816
57.71387803 11.94856085
57.71387771 11.94856218
57.71387739 11.9485634
57.71387739 11.9485634
57.71387708 11.94856475
57.71387678 11.9485661
57.71387648 11.94856744
57.71387619 11.9485688
57.71387552 11.94857217
57.71387552 11.94857217
57.71387527 11.94857353
57.71387485 11.94857494
57.7138746 11.9485763
57.71387441 11.94857746
57.71387394 11.94858024
57.71387394 11.94858024
57.71387351 11.94858302
57.71387351 11.94858302
57.71387326 11.94858427
57.71387287 11.94858703
57.71387253 11.94858854
57.71387236 11.94858991
57.71387208 11.94859135
57.71387193 11.94859273
57.71387193 11.94859273
57.71387145 11.94859573
57.71387132 11.94859714
57.71387135 11.94859825
57.71387124 11.94859965
57.71387124 11.94859965
57.71387114 11.94860106
57.71387096 11.94860387
57.71387072 11.94860604
57.71387066 11.94860743
57.71387061 11.94860882
57.71387028 11.94861188
57.71387034 11.948613
57.71387034 11.948613
57.71387032 11.9486144
57.71387032 11.94861581
57.71387033 11.94861722
57.71387035 11.94861862
57.71387047 11.94862131
57.71387047 11.94862131
57.71387052 11.9486227
57.71387029 11.94862452
57.71387035 11.9486259
57.71387022 11.94862748
57.71387022 11.94862748
57.71387039 11.94863021
57.71387027 11.94863192
57.71387038 11.9486333
57.71387037 11.94863477
57.71387066 11.94863756
57.71387081 11.94863895
57.71387098 11.94864033
57.71387098 11.94864033
57.71387126 11.94864219
57.71387144 11.94864356
57.71387162 11.94864669
57.71387183 11.94864801
57.71387191 11.94864957
57.71387213 11.94865087
57.71387213 11.94865087
57.71387237 11.94865216
57.71387286 11.94865473
57.71387319 11.94865581
57.71387346 11.94865708
57.71387346 11.94865708
57.71387374 11.94865834
57.71387386 11.94865991
57.71387416 11.94866115
57.71387458 11.94866404
57.7138749 11.94866524
57.71387522 11.94866643
57.71387554 11.94866761
57.71387614 11.9486702
57.71387614 11.9486702
57.7138765 11.9486714
57.71387687 11.94867259
57.71387724 11.94867377
57.71387781 11.94867533
57.7138786 11.94867764
57.7138786 11.94867764
57.71387892 11.9486789
57.71387932 11.94868003
57.71387972 11.9486811
57.71388013 11.9486822
57.71388097 11.94868439
57.71388097 11.94868439
57.7138814 11.94868549
57.71388187 11.94868636
57.71388231 11.94868746
57.71388322 11.94868962
57.71388368 11.94869069
57.7138842 11.94869155
57.7138842 11.94869155
57.71388466 11.94869261
57.71388513 11.94869366
57.71388606 11.94869574
57.71388659 11.94869631
57.71388707 11.94869734
57.71388707 11.94869734
57.71388757 11.94869837
57.71388805 11.94869939
57.71388856 11.94870042
57.71388931 11.94870177
57.71389034 11.94870382
57.71389083 11.94870462
57.71389135 11.94870562
57.71389135 11.94870562
57.7138919 11.94870665
57.71389296 11.94870859
57.71389347 11.94870954
57.71389401 11.9487105
57.71389461 11.94871134
57.71389461 11.94871134
57.71389515 11.94871228
57.71389627 11.94871415
57.71389683 11.94871508
57.71389745 11.94871582
57.71389803 11.94871675
57.71389803 11.94871675
57.71389919 11.94871858
57.71389977 11.94871949
57.71390043 11.94872023
57.71390103 11.94872112
57.71390165 11.94872201
57.71390165 11.94872201
57.71390222 11.9487232
57.71390377 11.94872519
57.7139044 11.94872609
57.71390504 11.94872697
57.71390565 11.94872793
57.71390629 11.94872879
57.71390752 11.94873027
57.71390752 11.94873027
57.71390816 11.94873112
57.71390878 11.94873187
57.71390942 11.94873272
57.71391011 11.94873338
57.71391011 11.94873338
57.71391141 11.94873508
57.71391206 11.94873586
57.71391272 11.94873672
57.71391346 11.9487375
57.71391477 11.94873922
57.71391477 11.94873922
57.71391542 11.9487399
57.71391607 11.94874076
57.71391675 11.94874129
57.7139174 11.94874214
57.71391872 11.94874385
57.71391938 11.94874471
57.71392041 11.94874563
57.71392041 11.94874563
57.71392107 11.94874647
57.71392174 11.94874731
57.71392302 11.94874898
57.71392374 11.9487497
57.7139244 11.94875052
57.7139244 11.94875052
57.71392505 11.94875134
57.7139257 11.94875217
57.71392636 11.94875299
57.71392774 11.94875454
57.7139284 11.94875537
57.7139284 11.94875537
57.71392905 11.94875614
57.71392971 11.94875695
57.71393107 11.94875853
57.71393172 11.94875933
57.71393238 11.94876013
57.71393304 11.94876093
57.71393304 11.94876093
57.71393377 11.94876163
57.7139351 11.94876322
57.71393569 11.94876407
57.71393635 11.94876485
57.71393745 11.94876588
57.71393745 11.94876588
57.71393811 11.94876664
57.71393939 11.94876827
57.71394005 11.94876903
57.71394078 11.94876971
57.71394145 11.94877044
57.71394145 11.94877044
57.7139428 11.9487719
57.71394347 11.94877263
57.71394416 11.94877343
57.71394483 11.94877414
57.7139455 11.94877484
57.71394683 11.94877642
57.7139475 11.94877724
57.7139475 11.94877724
57.71394817 11.94877792
57.71394885 11.94877859
57.71394953 11.94877926
57.71395021 11.94877993
57.71395154 11.94878133
57.71395154 11.94878133
57.71395223 11.94878198
57.71395288 11.94878281
57.71395357 11.94878345
57.71395469 11.94878413
57.71395606 11.94878539
57.71395676 11.94878601
57.71395676 11.94878601
57.71395746 11.94878661
57.71395818 11.9487871
57.71395888 11.94878769
57.71396031 11.94878887
57.71396102 11.94878945
57.71396171 11.94879018
57.71396243 11.94879073
57.71396243 11.94879073
57.71396384 11.94879214
57.71396456 11.94879267
57.7139652 11.9487932
57.71396592 11.94879371
57.71396664 11.94879421
57.71396664 11.94879421
57.7139681 11.94879519
57.71396877 11.94879582
57.7139695 11.9487963
57.71397023 11.94879677
57.71397098 11.94879748
57.71397171 11.94879794
57.71397365 11.94879876
57.71397365 11.94879876
57.71397439 11.94879918
57.71397512 11.9487996
57.71397586 11.94880002
57.71397659 11.94880045
57.71397806 11.94880122
57.71397806 11.94880122
57.71397883 11.9488019
57.71397957 11.94880227
57.71398027 11.94880268
57.71398175 11.94880338
57.71398249 11.94880373
57.71398324 11.94880407
57.71398324 11.94880407
57.71398393 11.94880422
57.71398468 11.94880454
57.71398619 11.94880514
57.71398696 11.94880543
57.7139876 11.94880574
57.7139876 11.94880574
57.71398837 11.94880602
57.71398914 11.94880629
57.71399072 11.94880711
57.71399197 11.9488071
57.71399274 11.94880734
57.71399351 11.94880757
57.71399431 11.94880795
57.71399508 11.94880817
57.71399508 11.94880817
57.71399657 11.94880861
57.71399735 11.94880881
57.71399817 11.94880918
57.71399894 11.94880935
57.71399973 11.94880953
57.71399973 11.94880953
57.71400126 11.94880984
57.71400203 11.94880998
57.7140028 11.94881011
57.71400343 11.94880999
57.71400499 11.94881022
57.71400499 11.94881022
57.71400577 11.94881033
57.71400656 11.94881042
57.71400723 11.94881047
57.71400801 11.94881054
57.71400964 11.94881086
57.71401042 11.9488109
57.71401161 11.9488104
57.71401161 11.9488104
57.71401238 11.94881043
57.71401316 11.94881044
57.71401472 11.94881046
57.71401546 11.94881043
57.71401623 11.94881041
57.71401623 11.94881041
57.714017 11.94881039
57.7140186 11.94881046
57.71401931 11.94881042
57.71402008 11.94881034
57.71402085 11.94881025
57.71402085 11.94881025
57.71402162 11.94881015
57.71402239 11.94881005
57.714024 11.94880993
57.71402476 11.94880978
57.71402569 11.94880994
57.71402645 11.94880977
57.71402724 11.94880975
57.71402724 11.94880975
57.71402875 11.94880934
57.71402964 11.94880937
57.71403039 11.94880914
57.71403142 11.94880823
57.71403217 11.94880797
57.71403217 11.94880797
57.71403381 11.94880766
57.71403456 11.94880736
57.71403524 11.94880712
57.71403597 11.94880679
57.71403752 11.94880639
57.71403825 11.94880602
57.71403885 11.94880551
57.71403885 11.94880551
57.71403958 11.94880512
57.71404032 11.94880472
57.71404187 11.9488041
57.71404257 11.94880373
57.71404257 11.94880373
57.7140433 11.94880326
57.71404403 11.94880278
57.7140449 11.94880251
57.71404563 11.948802
57.71404706 11.94880099
57.71404778 11.94880046
57.71404862 11.94880009
57.71404934 11.94879952
57.71404934 11.94879952
57.71405031 11.94879816
57.71405173 11.94879696
57.71405252 11.94879645
57.71405322 11.94879582
57.71405377 11.94879526
57.71405377 11.94879526
57.71405516 11.94879391
57.71405597 11.94879334
57.71405666 11.94879265
57.71405717 11.9487919
57.71405785 11.94879118
57.71405785 11.94879118
57.71405932 11.9487898
57.71405999 11.94878903
57.71406057 11.94878825
57.71406123 11.94878748
57.71406253 11.9487859
57.71406253 11.9487859
57.71406318 11.94878509
57.71406369 11.94878425
57.71406432 11.94878341
57.71406494 11.94878255
57.71406568 11.94878178
57.7140663 11.94878091
57.7140678 11.9487782
57.7140678 11.9487782
57.7140684 11.94877729
57.71406913 11.94877644
57.71406973 11.94877551
57.71407023 11.94877456
57.7140714 11.94877267
57.71407204 11.94877176
57.71407204 11.94877176
57.71407261 11.94877079
57.71407305 11.94876988
57.71407416 11.94876787
57.7140748 11.9487669
57.71407534 11.94876588
57.71407588 11.94876485
57.71407588 11.94876485
57.71407641 11.94876381
57.71407751 11.94876176
57.71407802 11.94876069
57.71407842 11.9487597
57.71407892 11.94875861
57.71407892 11.94875861
57.71407941 11.94875751
57.71408037 11.94875538
57.71408087 11.9487533
57.71408135 11.94875219
57.71408183 11.94875107
57.71408278 11.94874885
57.71408278 11.94874885
57.71408322 11.94874767
57.71408369 11.94874654
57.71408415 11.9487454
57.71408454 11.94874443
57.71408499 11.94874327
57.7140858 11.94874093
57.7140858 11.94874093
57.71408624 11.94873978
57.71408662 11.94873865
57.71408705 11.94873749
57.71408738 11.94873632
57.71408738 11.94873632
57.71408822 11.94873397
57.71408862 11.94873284
57.71408903 11.94873165
57.71408937 11.94873039
57.71409016 11.94872798
57.71409057 11.94872682
57.71409096 11.94872561
57.71409096 11.94872561
57.71409143 11.94872324
57.71409181 11.94872202
57.71409259 11.94871963
57.71409295 11.9487184
57.7140932 11.94871723
57.7140932 11.94871723
57.71409356 11.94871599
57.7140939 11.94871476
57.71409465 11.94871229
57.71409496 11.94871108
57.71409528 11.94870984
57.71409528 11.94870984
57.7140956 11.94870859
57.71409601 11.94870734
57.71409631 11.94870608
57.71409692 11.94870353
57.71409721 11.94870227
57.71409721 11.94870227
57.7140975 11.948701
57.71409778 11.94869972
57.71409822 11.94869738
57.71409849 11.94869608
57.7140989 11.94869472
57.71409915 11.94869343
57.71409941 11.94869084
57.71409941 11.94869084
57.71409989 11.94868822
57.71410012 11.94868691
57.71410034 11.94868558
57.71410061 11.94868429
57.71410081 11.94868296
57.71410081 11.94868296
57.71410139 11.94868017
57.71410157 11.94867883
57.71410163 11.94867761
57.7141018 11.94867625
57.71410234 11.94867337
57.71410234 11.94867337
57.71410248 11.948672
57.71410274 11.9486707
57.71410287 11.94866932
57.71410299 11.94866793
57.71410338 11.94866515
57.71410354 11.94866378
57.71410354 11.94866378
57.71410364 11.9486624
57.71410372 11.94866102
57.71410396 11.9486595
57.71410403 11.94865812
57.71410408 11.94865558
57.71410419 11.9486528
57.71410419 11.9486528
57.71410439 11.94865122
57.71410443 11.94864984
57.71410448 11.94864853
57.71410452 11.94864577
57.71410466 11.94864424
57.71410465 11.94864286
57.7141047 11.94864144
57.7141047 11.94864144
57.71410468 11.94864006
57.71410473 11.94863717
57.71410468 11.9486358
57.71410468 11.94863449
57.71410468 11.94863449
57.71410461 11.94863312
57.71410457 11.94863026
57.71410449 11.9486289
57.71410443 11.94862765
57.71410433 11.94862629
57.71410433 11.94862629
57.71410423 11.94862494
57.71410422 11.94862347
57.71410384 11.94861962
57.7141037 11.94861828
57.71410356 11.94861694
57.71410351 11.94861543
57.71410336 11.9486141
57.71410294 11.94861161
57.71410294 11.94861161
57.71410275 11.9486103
57.7141027 11.94860868
57.71410249 11.94860738
57.71410233 11.94860613
57.71410233 11.94860613
57.71410187 11.94860354
57.71410177 11.94860205
57.71410153 11.94860077
57.71410131 11.94859954
57.71410078 11.94859701
57.71410078 11.94859701
57.7141006 11.94859554
57.71410032 11.94859429
57.71409997 11.94859325
57.71409968 11.94859201
57.71409917 11.94858931
57.71409885 11.9485881
57.71409832 11.94858601
57.71409832 11.94858601
57.71409799 11.94858482
57.71409765 11.94858362
57.71409703 11.9485812
57.7140967 11.94857996
57.71409633 11.9485788
57.71409633 11.9485788
57.71409597 11.94857764
57.71409563 11.94857643
57.71409525 11.94857529
57.71409443 11.94857328
57.71409402 11.94857217
57.71409402 11.94857217
57.71409369 11.94857092
57.71409327 11.94856981
57.71409282 11.94856897
57.71409195 11.94856678
57.71409151 11.9485657
57.71409105 11.94856463
57.71409056 11.94856373
57.71409056 11.94856373
57.71408961 11.94856161
57.71408922 11.94856024
57.71408874 11.94855918
57.71408795 11.9485575
57.71408745 11.94855649
57.71408745 11.94855649
57.71408644 11.94855452
57.71408593 11.94855352
57.71408537 11.94855293
57.71408485 11.94855194
57.71408386 11.94855025
57.71408386 11.94855025
57.71408334 11.9485493
57.71408277 11.94854851
57.71408224 11.94854756
57.71408172 11.94854661
57.71408067 11.94854507
57.71408014 11.94854472
57.71408014 11.94854472
57.71407961 11.94854378
57.71407908 11.94854285
57.71407855 11.94854219
57.714078 11.94854126
57.71407688 11.94853967
57.71407633 11.94853873
57.71407633 11.94853873
57.71407578 11.94853791
57.71407523 11.94853701
57.71407428 11.94853553
57.71407318 11.94853375
57.71407263 11.94853291
57.71407208 11.94853205
57.71407153 11.94853151
57.71407153 11.94853151
57.71407097 11.94853065
57.71406988 11.94852911
57.71406931 11.94852824
57.7140687 11.94852749
57.71406812 11.94852662
57.71406812 11.94852662
57.71406699 11.94852501
57.71406641 11.94852416
57.71406578 11.94852339
57.7140652 11.94852253
57.71406462 11.94852169
57.71406346 11.94851999
57.71406346 11.94851999
57.71406284 11.94851926
57.71406225 11.94851841
57.71406166 11.94851756
57.71406109 11.94851679
57.7140605 11.94851595
57.71405883 11.94851377
57.71405883 11.94851377
57.71405824 11.94851294
57.71405765 11.94851211
57.71405705 11.94851128
57.71405641 11.94851059
57.71405522 11.94850891
57.71405522 11.94850891
57.71405462 11.94850806
57.71405402 11.94850721
57.71405335 11.94850649
57.71405215 11.94850483
57.71405154 11.94850399
57.71405154 11.94850399
57.71405094 11.94850316
57.71405031 11.94850262
57.71404971 11.9485018
57.71404849 11.94850014
57.71404789 11.94849931
57.71404725 11.94849868
57.71404725 11.94849868
57.71404664 11.94849785
57.71404603 11.94849703
57.71404486 11.94849541
57.71404363 11.94849419
57.71404302 11.94849337
57.71404302 11.94849337
57.71404241 11.94849255
57.7140418 11.94849173
57.71404118 11.94849091
57.71403984 11.94848933
57.71403921 11.94848851
57.71403921 11.94848851
57.71403861 11.94848759
57.71403798 11.94848677
57.7140373 11.94848614
57.71403603 11.94848447
57.71403547 11.94848368
57.71403483 11.94848285
57.71403415 11.94848222
57.71403415 11.94848222
57.71403288 11.94848057
57.71403224 11.94847975
57.7140316 11.94847893
57.71403102 11.94847826
57.71403038 11.94847745
57.71403038 11.94847745
57.7140291 11.94847583
57.71402845 11.94847502
57.71402714 11.94847401
57.71402649 11.9484732
57.71402585 11.94847239
57.71402454 11.94847078
57.71402396 11.94846999
57.71402396 11.94846999
57.71402329 11.94846919
57.71402263 11.94846839
57.71402129 11.9484668
57.71402057 11.94846622
57.71402057 11.94846622
57.71401989 11.94846544
57.71401921 11.94846468
57.71401861 11.94846342
57.71401793 11.94846268
57.71401662 11.94846096
57.71401662 11.94846096
57.71401593 11.94846024
57.71401524 11.94845953
57.71401455 11.94845882
57.71401389 11.94845838
57.71401249 11.948457
57.71401185 11.94845591
57.71401115 11.94845523
57.71401115 11.94845523
57.71400989 11.94845468
57.71400918 11.94845401
57.71400774 11.94845271
57.71400701 11.94845208
57.71400637 11.9484518
57.71400637 11.9484518
57.71400564 11.94845118
57.71400417 11.94844996
57.71400343 11.94844936
57.71400273 11.94844843
57.71400199 11.94844785
57.71400199 11.94844785
57.71400125 11.94844729
57.71399976 11.94844569
57.71399914 11.94844551
57.7139984 11.94844497
57.71399766 11.94844444
57.71399766 11.94844444
57.71399691 11.94844345
57.71399616 11.94844294
57.71399474 11.9484418
57.713994 11.94844131
57.71399325 11.94844082
57.7139925 11.94844035
57.71399126 11.94844027
57.71398975 11.94843937
57.71398975 11.94843937
57.71398897 11.94843855
57.71398822 11.94843812
57.71398755 11.94843771
57.71398605 11.9484369
57.71398526 11.94843621
57.71398526 11.94843621
57.71398451 11.94843583
57.71398395 11.94843585
57.7139832 11.94843549
57.7139817 11.94843478
57.71398095 11.94843444
57.71398026 11.94843406
57.71398026 11.94843406
57.71397951 11.94843375
57.71397792 11.94843275
57.71397717 11.94843246
57.7139766 11.94843254
57.71397584 11.94843229
57.71397584 11.94843229
57.71397508 11.94843205
57.71397432 11.94843183
57.71397356 11.94843162
57.7139714 11.94843116
57.71397064 11.94843099
57.71396975 11.94843034
57.71396899 11.9484302
57.71396899 11.9484302
57.71396837 11.94842997
57.71396685 11.94842976
57.71396598 11.9484293
57.71396522 11.94842923
57.71396456 11.94842935
57.71396456 11.94842935
57.71396303 11.94842926
57.71396227 11.94842924
57.7139615 11.94842923
57.71396076 11.94842904
57.71396 11.94842907
57.71396 11.94842907
57.71395847 11.94842915
57.7139577 11.94842921
57.71395718 11.9484296
57.71395641 11.9484297
57.71395564 11.94842981
57.71395397 11.94842966
57.71395397 11.94842966
57.71395267 11.94843007
57.71395192 11.94843023
57.71395116 11.94843041
57.71395026 11.94843028
57.71394887 11.94843068
57.71394813 11.94843094
57.71394813 11.94843094
57.71394739 11.9484312
57.71394665 11.94843147
57.71394592 11.94843175
57.71394472 11.94843259
57.71394398 11.94843292
57.71394398 11.94843292
57.71394316 11.94843297
57.71394245 11.94843331
57.71394204 11.94843393
57.71394061 11.94843472
57.71393973 11.94843488
57.71393903 11.94843531
57.71393903 11.94843531
57.71393848 11.9484359
57.71393709 11.94843686
57.7139364 11.94843736
57.71393573 11.94843788
57.71393471 11.94843905
57.71393404 11.94843959
57.71393404 11.94843959
57.71393251 11.94844042
57.71393185 11.948441
57.71393123 11.94844138
57.71393057 11.94844198
57.71392992 11.9484426
57.71392992 11.9484426
57.71392862 11.94844386
57.71392824 11.94844466
57.7139276 11.94844533
57.71392697 11.94844602
57.71392634 11.94844672
57.71392571 11.94844742
57.71392571 11.94844742
57.71392469 11.94844903
57.71392409 11.94844978
57.71392318 11.94845021
57.71392259 11.94845097
57.71392222 11.94845184
57.71392222 11.94845184
57.71392105 11.94845341
57.71392048 11.94845422
57.71391991 11.94845503
57.71391897 11.94845633
57.71391786 11.948458
57.71391786 11.948458
57.7139173 11.94845884
57.71391675 11.94845969
57.71391647 11.9484607
57.71391593 11.94846157
57.71391486 11.94846335
57.71391433 11.94846425
57.71391433 11.94846425
57.71391391 11.94846517
57.71391338 11.94846609
57.71391246 11.94846794
57.71391195 11.94846888
57.71391171 11.9484699
57.71391171 11.9484699
57.7139112 11.94847087
57.71391069 11.94847184
57.71390976 11.94847377
57.71390962 11.94847484
57.71390911 11.94847585
57.71390911 11.94847585
57.71390861 11.94847686
57.71390811 11.94847787
57.71390761 11.9484789
57.71390685 11.94848071
57.71390585 11.94848275
57.71390572 11.94848377
57.71390572 11.94848377
57.71390523 11.94848479
57.71390507 11.94848605
57.71390408 11.94848813
57.71390377 11.94848916
57.71390327 11.94849021
57.71390297 11.94849138
57.71390297 11.94849138
57.71390247 11.94849242
57.71390147 11.94849452
57.71390097 11.94849557
57.71390056 11.94849684
57.71390007 11.94849789
57.71390007 11.94849789
57.71389928 11.94849994
57.71389878 11.948501
57.71389838 11.94850225
57.71389788 11.94850332
57.71389739 11.9485044
57.71389739 11.9485044
57.71389704 11.94850538
57.71389583 11.94850857
57.71389534 11.94850967
57.71389485 11.94851078
57.71389434 11.94851189
57.71389385 11.948513
57.71389298 11.9485154
57.71389298 11.9485154
57.71389249 11.94851653
57.71389192 11.94851762
57.71389143 11.94851877
57.71389106 11.94852002
57.71389106 11.94852002
57.71389011 11.94852232
57.71388964 11.94852349
57.71388918 11.94852466
57.71388865 11.94852571
57.71388775 11.94852809
57.71388775 11.94852809
57.7138872 11.94852914
57.71388676 11.94853032
57.71388626 11.94853148
57.71388583 11.94853269
57.7138848 11.94853498
57.71388439 11.94853621
57.71388392 11.9485384
57.71388392 11.9485384
57.71388352 11.94853963
57.71388312 11.94854087
57.71388215 11.94854337
57.71388188 11.94854458
57.71388149 11.94854586
57.71388149 11.94854586
57.71388112 11.94854715
57.71388054 11.94854841
57.71388018 11.94854972
57.71387933 11.94855234
57.71387897 11.94855366
57.71387897 11.94855366
57.71387847 11.948555
57.71387813 11.94855634
57.7138777 11.94855763
57.71387706 11.94856033
57.71387675 11.94856168
57.71387645 11.94856304
57.71387605 11.94856431
57.71387605 11.94856431
57.71387549 11.94856706
57.71387497 11.94856851
57.7138747 11.94856989
57.71387454 11.94857202
57.71387429 11.94857341
57.71387429 11.94857341
57.71387382 11.94857619
57.7138736 11.94857758
57.71387354 11.9485787
57.71387334 11.9485801
57.71387314 11.94858151
57.71387314 11.94858151
57.71387249 11.94858462
57.7138722 11.94858599
57.71387203 11.94858745
57.71387187 11.94858891
57.71387158 11.94859183
57.71387158 11.94859306
57.71387158 11.94859306
57.71387146 11.94859452
57.71387134 11.94859597
57.71387092 11.94859771
57.71387083 11.94859916
57.71387086 11.94860174
57.71387079 11.94860318
57.71387046 11.94860482
57.71387041 11.94860626
57.71387041 11.94860626
57.71387023 11.94860857
57.71387018 11.94861142
57.71387016 11.94861285
57.71387016 11.94861428
57.71386997 11.94861592
57.71386997 11.94861592
57.71386998 11.94861733
57.71386978 11.94862037
57.71386982 11.94862176
57.71387 11.94862275
57.71387006 11.94862414
57.71387006 11.94862414
57.71386993 11.94862737
57.71387002 11.94862877
57.71386992 11.94863031
57.71387002 11.94863172
57.71387014 11.94863311
57.71387014 11.94863311
57.71387029 11.94863605
57.71387015 11.94863783
57.7138703 11.94863916
57.71387046 11.94864047
57.7138705 11.948642
57.71387067 11.94864327
57.71387102 11.94864676
57.71387102 11.94864676
57.71387121 11.94864799
57.71387131 11.94864938
57.71387151 11.94865058
57.71387167 11.94865166
57.7138721 11.94865398
57.7138721 11.94865398
57.71387224 11.94865528
57.71387246 11.9486564
57.71387268 11.94865743
57.71387316 11.94865961
57.71387333 11.94866073
57.71387358 11.9486618
57.71387388 11.94866265
57.71387388 11.94866265
57.71387414 11.94866371
57.71387468 11.9486658
57.71387496 11.94866683
57.71387528 11.94866772
57.71387528 11.94866772
57.71387557 11.94866874
57.71387587 11.94866976
57.71387649 11.94867175
57.713877 11.94867333
57.71387732 11.94867432
57.71387764 11.9486753
57.71387798 11.94867627
57.71387832 11.94867724
57.71387832 11.94867724
57.71387904 11.94867902
57.7138794 11.94867997
57.71387971 11.94868101
57.71388008 11.94868196
57.71388049 11.94868271
57.71388049 11.94868271
57.71388127 11.94868459
57.71388166 11.94868553
57.71388206 11.94868645
57.71388252 11.94868708
57.71388335 11.94868891
57.71388335 11.94868891
57.71388377 11.94868981
57.71388419 11.94869071
57.71388467 11.94869136
57.71388511 11.94869224
57.71388592 11.94869412
57.71388636 11.94869498
57.71388702 11.94869615
57.71388702 11.94869615
57.71388747 11.94869699
57.71388791 11.94869782
57.71388881 11.94869948
57.71388928 11.94869987
57.71388928 11.94869987
57.71388973 11.94870068
57.71389019 11.94870148
57.71389112 11.94870308
57.7138916 11.94870361
57.71389207 11.9487044
57.71389207 11.9487044
57.71389254 11.94870517
57.71389299 11.94870581
57.71389345 11.94870658
57.71389445 11.948708
57.71389493 11.94870876
57.71389541 11.94870952
57.71389541 11.94870952
57.71389589 11.94871026
57.71389642 11.94871078
57.71389739 11.94871226
57.71389786 11.94871288
57.71389835 11.94871361
57.71389913 11.94871463
57.71389962 11.94871534
57.71389962 11.94871534
57.71390058 11.94871661
57.71390107 11.94871731
57.7139016 11.94871783
57.71390208 11.94871852
57.71390302 11.94871967
57.71390302 11.94871967
57.71390351 11.94872034
57.71390402 11.94872074
57.7139045 11.9487214
57.71390498 11.94872207
57.71390591 11.94872317
57.71390642 11.94872345
57.71390642 11.94872345
57.71390689 11.9487241
57.71390736 11.94872476
57.7139078 11.94872513
57.71390827 11.94872578
57.71390929 11.94872701
57.71390929 11.94872701
57.71390976 11.94872765
57.71391021 11.9487282
57.71391068 11.94872884
57.71391155 11.94872991
57.71391247 11.94873118
57.71391293 11.94873171
57.71391339 11.94873234
57.71391389 11.94873279
57.7139148 11.94873402
57.7139148 11.94873402
57.71391523 11.94873454
57.71391568 11.94873515
57.71391616 11.94873563
57.71391661 11.94873623
57.71391748 11.94873737
57.71391748 11.94873737
57.71391792 11.94873796
57.71391844 11.94873859
57.71391889 11.94873918
57.71391979 11.94874037
57.71392023 11.94874096
57.71392078 11.94874159
57.71392078 11.94874159
57.71392123 11.94874219
57.71392168 11.94874278
57.71392213 11.94874337
57.71392259 11.94874397
57.71392399 11.94874551
57.71392399 11.94874551
57.71392444 11.9487461
57.7139249 11.94874669
57.71392535 11.94874728
57.71392588 11.94874786
57.71392677 11.94874901
57.71392677 11.94874901
57.7139272 11.94874957
57.71392764 11.94875014
57.71392811 11.94875068
57.71392899 11.94875179
57.7139294 11.94875237
57.71392984 11.94875291
57.71393034 11.94875351
57.71393034 11.94875351
57.71393076 11.94875404
57.71393158 11.94875508
57.71393201 11.9487556
57.71393242 11.94875604
57.71393242 11.94875604
57.71393284 11.94875656
57.71393327 11.94875707
57.71393407 11.94875808
57.71393496 11.94875876
57.71393538 11.94875926
57.71393579 11.94875977
57.71393579 11.94875977
57.71393619 11.94876026
57.71393702 11.94876121
57.71393743 11.94876169
57.71393783 11.94876217
57.71393821 11.94876265
57.7139386 11.94876312
57.7139386 11.94876312
57.71393939 11.94876399
57.71393977 11.94876444
57.71394014 11.94876489
57.71394051 11.94876532
57.71394092 11.94876578
57.71394165 11.94876662
57.71394165 11.94876662
57.71394199 11.94876703
57.71394235 11.94876745
57.71394266 11.94876774
57.71394335 11.94876855
57.71394367 11.94876893
57.71394401 11.94876933
57.7139449 11.94876984
57.7139449 11.94876984
57.71394524 11.94877024
57.71394591 11.94877101
57.71394624 11.9487714
57.71394658 11.94877174
57.71394691 11.94877211
57.71394691 11.94877211
57.71394723 11.94877247
57.71394784 11.94877316
57.71394819 11.94877353
57.71394847 11.94877385
57.71394874 11.94877417
57.71394874 11.94877417
57.71394901 11.94877446
57.71394926 11.94877475
57.7139498 11.94877533
57.71395003 11.9487756
57.71395026 11.94877583
57.71395047 11.94877607
57.71395074 11.94877637
57.71395074 11.94877637
57.71395113 11.94877681
57.71395132 11.94877701
57.7139515 11.94877721
57.71395225 11.94877749
57.71395242 11.94877768
57.71395242 11.94877768
57.71395274 11.94877803
57.71395289 11.94877821
57.71395302 11.94877832
57.71395316 11.94877849
57.71395343 11.94877878
57.71395343 11.94877878
57.71395355 11.94877893
57.71395371 11.94877909
57.71395382 11.94877922
57.71395393 11.94877935
57.71395412 11.94877956
57.71395427 11.94877972
57.71395427 11.94877972
57.71395435 11.94877982
57.71395442 11.94877992
57.71395456 11.94878007
57.71395464 11.94878015
57.7139547 11.94878022
57.7139547 11.94878022
57.71395474 11.94878029
57.71395479 11.94878032
57.71395482 11.94878038
57.71395547 11.94878053
57.71395552 11.94878061
57.71395554 11.94878062
57.71395554 11.94878062
57.71395555 11.94878064
57.71395563 11.94878074
57.71395564 11.94878077
57.71395563 11.94878076
57.71395563 11.94878076
57.71395558 11.94878072
57.71395558 11.94878072
57.71395557 11.94878072
57.71395555 11.94878074
57.71395554 11.94878074
57.71395553 11.94878076
57.71395553 11.94878077
57.71395553 11.94878077
57.71395551 11.94878079
57.71395551 11.94878081
57.71395552 11.94878085
57.71395552 11.94878087
57.71395551 11.94878088
57.71395551 11.9487809
57.71395608 11.94878103
57.71395608 11.94878103
57.71395608 11.94878104
57.71395608 11.94878106
57.71395607 11.94878108
57.71395607 11.94878111
57.71395603 11.94878112
57.71395603 11.94878112
57.71395603 11.94878114
57.71395603 11.94878117
57.71395603 11.94878119
57.71395599 11.94878117
57.71395599 11.94878122
57.71395599 11.94878122
57.71395598 11.94878125
57.71395598 11.94878128
57.71395593 11.94878124
57.71395593 11.9487813
57.71395593 11.94878133
57.71395593 11.94878136
57.71395589 11.94878135
57.71395589 11.94878135
57.71395589 11.94878138
57.71395588 11.94878145
57.71395588 11.94878148
57.71395642 11.94878153
57.71395642 11.94878157
57.71395641 11.9487816
57.71395641 11.9487816
57.71395641 11.94878168
57.71395637 11.94878166
57.71395637 11.9487817
57.71395637 11.94878174
57.71395637 11.94878178
57.71395637 11.94878182
57.71395637 11.94878182
57.71395632 11.94878184
57.71395632 11.94878189
57.71395632 11.94878193
57.71395632 11.94878197
57.71395627 11.94878194
57.71395627 11.94878194
57.71395627 11.94878204
57.71395626 11.94878208
57.71395626 11.94878213
57.71395624 11.94878214
57.71395624 11.94878224
57.71395624 11.94878224
57.71395624 11.94878229
57.71395624 11.94878234
57.71395682 11.94878242
57.71395682 11.94878248
57.71395682 11.94878258
57.71395682 11.94878258
57.71395682 11.94878264
57.71395677 11.9487826
57.71395677 11.94878265
57.71395677 11.94878271
57.71395677 11.94878283
57.71395673 11.9487828
57.71395673 11.9487828
57.71395673 11.94878286
57.71395673 11.94878292
57.71395635 11.94878204
57.71395613 11.94878146
57.71395613 11.94878151
57.71395613 11.94878151
57.71395613 11.94878155
57.71395599 11.94878116
57.71395599 11.9487812
57.71395586 11.94878093
57.71395586 11.94878093
57.71395586 11.94878096
57.71395577 11.94878071
57.71395577 11.94878074
57.71395624 11.94878054
57.71395624 11.94878061
57.71395616 11.9487804
57.71395616 11.94878043
57.71395609 11.94878029
57.71395609 11.94878029
57.71395609 11.94878032
57.71395605 11.94878024
57.71395605 11.94878026
57.71395601 11.94878015
57.71395601 11.94878017
57.71395601 11.94878017
57.71395597 11.94878008
57.71395597 11.94878011
57.71395592 11.94877999
57.71395592 11.94878001
57.71395592 11.94878001
57.71395592 11.94878004
57.71395589 11.94877998
57.71395583 11.94877986
57.71395583 11.94877989
57.71395583 11.94877991
57.7139558 11.94877984
57.7139558 11.94877986
57.7139558 11.94877986
57.71395624 11.94877978
57.71395624 11.9487798
57.71395621 11.94877973
57.71395621 11.94877975
57.71395618 11.94877968
57.71395618 11.94877968
57.71395618 11.94877972
57.71395619 11.94877971
57.71395619 11.94877973
57.71395613 11.94877963
57.71395613 11.94877968
57.71395613 11.94877968
57.71395613 11.94877966
57.71395613 11.94877968
57.7139561 11.94877962
57.7139561 11.94877964
57.71395609 11.94877963
57.71395609 11.94877963
57.71395609 11.94877965
57.71395607 11.94877959
57.71395607 11.94877961
57.71395607 11.94877963
57.71395606 11.94877962
57.71395653 11.94877956
57.71395653 11.94877958
57.71395653 11.94877958
57.71395653 11.9487796
57.71395653 11.94877956
57.71395653 11.94877958
57.71395652 11.94877957
57.71395652 11.94877959
57.71395652 11.94877959
57.7139565 11.94877953
57.7139565 11.94877955
57.7139565 11.94877953
57.7139565 11.94877957
57.71395649 11.94877956
57.71395649 11.94877958
57.71395648 11.94877953
57.71395648 11.94877953
57.71395648 11.94877957
57.71395649 11.94877954
57.71395649 11.94877956
57.71395649 11.94877952
57.71395649 11.94877952
57.71395649 11.94877954
57.71395647 11.94877952
57.71395647 11.94877954
57.71395689 11.94877943
57.71395689 11.94877945
57.71395689 11.94877948
57.71395689 11.94877948
57.7139569 11.94877948
57.7139569 11.94877945
57.7139569 11.94877947
57.71395689 11.9487795
57.71395689 11.94877946
57.71395688 11.94877945
57.71395688 11.94877945
57.71395688 11.94877947
57.71395688 11.94877949
57.71395688 11.94877947
57.71395688 11.94877948
57.71395685 11.94877946
57.71395685 11.94877946
57.71395685 11.94877948
57.71395687 11.94877947
57.71395687 11.94877949
57.71395685 11.94877945
57.71395685 11.94877949
57.71395685 11.94877949
57.71395684 11.94877945
57.71395683 11.94877947
57.71395723 11.94877935
57.71395723 11.94877937
57.71395723 11.94877936
57.71395723 11.94877938
57.71395722 11.94877936
57.71395722 11.94877936
57.71395722 11.94877938
57.71395721 11.94877937
57.71395721 11.94877939
57.71395719 11.94877935
57.71395719 11.94877935
57.71395719 11.94877937
57.71395719 11.94877939
57.71395719 11.94877939
57.71395716 11.94877934
57.71395716 11.94877936
57.71395716 11.94877936
57.71395716 11.94877938
57.71395716 11.94877935
57.71395716 11.94877937
57.71395717 11.94877938
57.71395717 11.9487794
57.71395716 11.94877937
57.71395716 11.94877939
57.71395753 11.94877929
57.71395753 11.94877929
57.71395753 11.94877933
57.71395751 11.94877927
57.71395751 11.94877929
57.71395752 11.94877928
57.71395751 11.94877931
57.71395751 11.94877931
57.71395752 11.94877928
57.71395752 11.9487793
57.71395752 11.94877929
57.71395752 11.94877931
57.71395748 11.94877933
57.71395748 11.94877933
57.71395748 11.94877935
57.71395753 11.94877941
57.71395753 11.94877943
57.71395755 11.94877947
57.71395755 11.94877949
57.71395755 11.94877949
57.71395755 11.94877949
57.71395755 11.94877951
57.71395755 11.94877953
57.71395756 11.94877951
57.71395756 11.94877953
57.71395789 11.94877942
57.71395789 11.94877942
57.71395789 11.94877944
57.7139579 11.94877942
57.7139579 11.94877944
57.71395791 11.94877942
57.7139579 11.94877946
57.71395792 11.94877944
57.71395792 11.94877944
57.71395792 11.94877946
57.71395792 11.94877945
57.71395792 11.94877948
57.71395792 11.94877946
57.71395791 11.94877948
57.71395792 11.94877946
57.71395792 11.94877946
57.71395791 11.94877948
57.71395792 11.94877949
57.71395792 11.9487795
57.71395793 11.9487795
57.71395793 11.94877952
57.71395793 11.94877952
57.71395793 11.94877954
57.71395792 11.94877954
57.71395825 11.94877941
57.71395824 11.94877943
57.71395824 11.94877945
57.71395826 11.94877943
57.71395826 11.94877943
57.71395826 11.94877943
57.71395826 11.94877945
57.71395825 11.94877946
57.71395826 11.94877945
57.71395826 11.94877947
57.71395826 11.94877947
57.71395826 11.94877947
57.71395825 11.94877949
57.71395826 11.94877946
57.71395826 11.94877948
57.71395826 11.94877946
57.71395825 11.94877949
57.71395825 11.94877949
57.71395826 11.94877947
57.71395825 11.94877948
57.71395825 11.94877946
57.71395825 11.94877949
57.71395825 11.94877946
57.71395825 11.94877948
57.71395858 11.94877936
57.71395858 11.94877936
57.71395857 11.94877938
57.71395857 11.94877937
57.71395856 11.94877939
57.71395857 11.94877937
57.71395857 11.94877939
57.71395857 11.94877939
57.71395857 11.9487794
57.71395856 11.9487794
57.71395857 11.94877937
57.71395857 11.94877938
57.71395856 11.9487794
57.71395856 11.9487794
57.71395856 11.94877938
57.71395856 11.94877939
57.71395856 11.94877939
57.71395856 11.94877941
57.71395857 11.94877939
57.71395856 11.94877941
57.71395856 11.94877941
57.71395857 11.94877939
57.71395856 11.94877942
57.71395857 11.9487794
57.71395857 11.94877942
57.71395888 11.94877932
57.71395887 11.94877933
57.71395887 11.94877933
57.71395888 11.94877933
57.71395888 11.94877934
57.71395889 11.94877932
57.71395888 11.94877934
57.71395888 11.94877934
57.71395888 11.94877933
57.71395888 11.94877935
57.71395889 11.94877933
57.71395889 11.94877935
57.71395888 11.94877936
57.71395888 11.94877936
57.71395888 11.94877936
57.71395889 11.94877934
57.71395888 11.94877935
57.71395888 11.94877937
57.71395888 11.94877936
57.71395889 11.94877934
57.71395889 11.94877934
57.71395888 11.94877935
57.71395888 11.94877937
57.71395888 11.94877936
57.71395888 11.94877937
57.71395918 11.94877928
57.71395918 11.94877931
57.71395918 11.94877931
57.71395919 11.94877929
57.71395919 11.9487793
57.7139592 11.94877928
57.71395919 11.94877931
57.71395919 11.9487793
57.71395919 11.94877932
57.71395919 11.94877932
57.71395919 11.94877929
57.71395918 11.94877931
57.71395918 11.9487793
57.71395918 11.94877931
57.71395918 11.94877929
57.71395918 11.94877929
57.71395917 11.9487793
57.71395918 11.9487793
57.71395918 11.94877931
57.71395918 11.9487793
57.71395918 11.94877931
57.71395918 11.94877931
57.71395917 11.94877932
57.71395917 11.9487793
57.71395916 11.94877931
57.71395946 11.94877922
57.71395945 11.94877923
57.71395947 11.94877921
57.71395946 11.94877923
57.71395948 11.94877923
57.71395948 11.94877923
57.71395947 11.94877924
57.71395948 11.94877923
57.71395948 11.94877924
57.71395947 11.94877922
57.71395947 11.94877922
57.71395946 11.94877924
57.71395947 11.94877923
57.71395947 11.94877924
57.71395947 11.94877921
57.71395946 11.94877924
57.71395946 11.94877924
57.71395947 11.94877922
57.71395946 11.94877923
57.71395946 11.94877921
57.71395946 11.94877922
57.71395946 11.94877922
57.71395945 11.94877923
57.71395945 11.94877923
57.71395974 11.94877913
57.71395973 11.94877914
57.71395973 11.94877915
57.71395973 11.94877914
57.71395974 11.94877913
57.71395974 11.94877913
57.71395974 11.94877915
57.71395973 11.94877916
57.71395973 11.94877914
57.71395973 11.94877915
57.71395973 11.94877914
57.71395973 11.94877914
57.71395972 11.94877915
57.71395973 11.94877914
57.71395972 11.94877915
57.71395972 11.94877913
57.71395972 11.94877915
57.71395972 11.94877915
57.71395972 11.94877913
57.71395972 11.94877914
57.71395971 11.94877912
57.71395971 11.94877915
57.71395971 11.94877913
57.71395971 11.94877914
57.71395997 11.94877903
57.71395997 11.94877903
57.71395997 11.94877904
57.71395997 11.94877903
57.71395997 11.94877904
57.71395998 11.94877903
57.71395997 11.94877904
57.71395997 11.94877904
57.71395997 11.94877905
57.71395997 11.94877904
57.71395997 11.94877903
57.71395997 11.94877904
57.71395996 11.94877905
57.71395996 11.94877905
57.71395996 11.94877905
57.71395997 11.94877904
57.71395997 11.94877905
57.71395996 11.94877906
57.71395997 11.94877904
57.71395996 11.94877905
57.71395996 11.94877905
57.71395996 11.94877905
57.71395996 11.94877906
57.71395996 11.94877904
57.71395996 11.94877905
57.71396023 11.94877894
57.71396022 11.94877896
57.71396022 11.94877896
57.71396023 11.94877894
57.71396023 11.94877895
57.71396023 11.94877893
57.71396022 11.94877894
57.71396022 11.94877894
57.71396022 11.94877894
57.71396022 11.94877895
57.71396022 11.94877893
57.71396022 11.94877894
57.71396021 11.94877894
57.71396021 11.94877895
57.71396021 11.94877893
57.71396021 11.94877893
57.71396021 11.94877893
57.71396021 11.94877894
57.71396021 11.94877894
57.71396021 11.94877893
57.71396021 11.94877894
57.71396021 11.94877894
57.7139602 11.94877895
57.71396021 11.94877894
57.7139602 11.94877895
57.71396047 11.94877885
57.71396047 11.94877885
57.71396048 11.94877884
57.71396048 11.94877885
57.71396048 11.94877883
57.71396048 11.94877883
57.71396047 11.94877885
57.71396048 11.94877883
57.71396047 11.94877884
57.71396048 11.94877883
57.71396048 11.94877883
57.71396047 11.94877885
57.71396047 11.94877883
57.71396047 11.94877884
57.71396047 11.94877883
57.71396047 11.94877883
57.71396047 11.94877883
57.71396047 11.94877883
57.71396046 11.94877884
57.71396046 11.94877883
57.71396046 11.94877883
57.71396046 11.94877884
57.71396046 11.94877884
57.71396072 11.94877873
57.71396072 11.94877873
57.71396071 11.94877874
57.71396071 11.94877875
57.71396072 11.94877873
57.71396071 11.94877874
57.71396072 11.94877874
57.71396072 11.94877874
57.71396071 11.94877874
57.71396071 11.94877873
57.71396071 11.94877873
57.71396071 11.94877872
57.71396071 11.94877873
57.71396071 11.94877873
57.71396071 11.94877873
57.71396071 11.94877874
57.71396071 11.94877872
57.71396071 11.94877874
57.71396071 11.94877873
57.71396071 11.94877873
57.71396071 11.94877872
57.71396071 11.94877872
57.71396071 11.94877873
57.71396071 11.94877873
57.71396071 11.94877874
57.71396095 11.94877863
57.71396095 11.94877864
57.71396095 11.94877864
57.71396095 11.94877865
57.71396095 11.94877864
57.71396096 11.94877863
57.71396095 11.94877864
57.71396095 11.94877864
57.71396095 11.94877865
57.71396095 11.94877863
57.71396095 11.94877863
57.71396095 11.94877863
57.71396095 11.94877864
57.71396095 11.94877863
57.71396095 11.94877863
57.71396095 11.94877864
57.71396094 11.94877863
57.71396094 11.94877864
57.71396094 11.94877863
57.71396094 11.94877864
57.71396094 11.94877864
57.71396094 11.94877863
57.71396094 11.94877864
57.71396094 11.94877863
57.71396094 11.94877864
57.71396116 11.94877852
57.71396116 11.94877852
57.71396116 11.94877852
57.71396117 11.94877852
57.71396116 11.94877853
57.71396117 11.94877851
57.71396116 11.94877852
57.71396116 11.94877852
57.71396116 11.94877851
57.71396116 11.94877852
57.71396116 11.94877851
57.71396116 11.94877851
57.71396115 11.94877852
57.71396115 11.94877852
57.71396115 11.94877852
57.71396115 11.9487785
57.71396115 11.9487785
57.71396115 11.94877851
57.71396115 11.94877849
57.71396114 11.9487785
57.71396115 11.9487785
57.71396115 11.9487785
57.71396114 11.94877851
57.71396114 11.9487785
57.71396114 11.9487785
57.71396135 11.94877839
57.71396134 11.9487784
57.71396134 11.9487784
57.71396135 11.94877838
57.71396134 11.94877838
57.71396135 11.94877837
57.71396135 11.94877838
57.71396135 11.94877838
57.71396134 11.94877839
57.71396134 11.94877839
57.71396134 11.94877838
57.71396134 11.94877839
57.71396133 11.94877836
57.71396133 11.94877837
57.71396134 11.94877836
57.71396134 11.94877836
57.71396133 11.94877837
57.71396133 11.94877837
57.71396133 11.94877837
57.71396133 11.94877835
57.71396132 11.94877836
57.71396132 11.94877836
57.71396132 11.94877835
57.71396132 11.94877836
57.71396132 11.94877836
57.71396151 11.94877825
57.71396151 11.94877825
57.71396152 11.94877824
57.71396151 11.94877825
57.71396152 11.94877823
57.71396152 11.94877823
57.71396151 11.94877825
57.71396151 11.94877824
57.71396151 11.94877824
57.71396151 11.94877823
57.71396151 11.94877825
57.71396151 11.94877825
57.71396151 11.94877824
57.71396151 11.94877824
57.71396151 11.94877823
57.71396151 11.94877824
57.71396151 11.94877824
57.71396151 11.94877824
57.71396151 11.94877824
57.71396151 11.94877823
57.71396151 11.94877824
57.71396151 11.94877824
57.71396151 11.94877824
57.71396169 11.94877812
57.71396169 11.94877812
57.71396169 11.94877812
57.71396169 11.94877813
57.71396169 11.94877812
57.71396169 11.94877812
57.71396169 11.94877811
57.71396169 11.94877811
57.71396169 11.94877812
57.71396169 11.94877811
57.71396169 11.94877812
57.71396169 11.94877811
57.71396169 11.94877812
57.71396169 11.94877812
57.71396169 11.94877811
57.71396168 11.94877811
57.71396169 11.94877811
57.71396168 11.94877812
57.71396168 11.94877811
57.71396168 11.94877812
57.71396168 11.94877812
57.71396168 11.94877811
57.71396168 11.94877812
57.71396168 11.94877811
57.71396168 11.94877812
57.71396185 11.948778
57.71396185 11.948778
57.71396185 11.948778
57.71396185 11.948778
57.71396185 11.948778
